0.00592965 -0.999981 -0.0015959 -0.821901 -0.0175995 0.00149132 -0.999844 0.268478 0.999828 0.00595681 -0.0175903 -1.0924
0.0494975 -0.998774 -0.000710952 -0.817593 -0.0200907 -0.000283981 -0.999798 0.245514 0.998572 0.0495018 -0.0200802 -0.0541505
0.0946237 -0.995511 0.00221834 -0.770461 -0.0245426 -0.00456044 -0.999688 0.220636 0.995211 0.0945398 -0.0248639 0.982414
0.140228 -0.990117 0.00194265 -0.674783 -0.0286803 -0.00602314 -0.99957 0.195458 0.989704 0.140112 -0.0292415 2.01778
0.186071 -0.982535 -0.00117515 -0.540505 -0.0314709 -0.00476449 -0.999493 0.168279 0.982032 0.186014 -0.0318078 3.04146
0.232103 -0.972691 0.000638233 -0.352228 -0.0310976 -0.00807631 -0.999484 0.131579 0.972194 0.231964 -0.0321229 4.06066
0.277251 -0.960797 0.00105647 -0.117968 -0.0316535 -0.010233 -0.999446 0.0940761 0.960276 0.277064 -0.0332497 5.06388
0.321359 -0.946954 0.002626 0.160847 -0.0345214 -0.0144863 -0.999299 0.0554656 0.946328 0.321043 -0.0373455 6.05469
0.363738 -0.931489 0.00484858 0.48947 -0.0364303 -0.0194265 -0.999147 0.0172599 0.930789 0.363251 -0.0410005 7.0249
0.406125 -0.91381 0.00377416 0.856623 -0.0366153 -0.0203995 -0.999121 -0.0205603 0.913083 0.40563 -0.0417441 7.98145
0.448208 -0.893921 0.00385692 1.26465 -0.0353465 -0.0220334 -0.999132 -0.0622594 0.89323 0.447682 -0.0414725 8.91871
0.490157 -0.871627 0.00358849 1.71429 -0.0337334 -0.0230834 -0.999164 -0.1037 0.870981 0.489626 -0.0407174 9.83403
0.531203 -0.84724 0.00286968 2.20591 -0.0325235 -0.0237759 -0.999188 -0.144457 0.84662 0.530678 -0.040185 10.7257
0.570664 -0.821179 0.00274341 2.73735 -0.0319764 -0.0255594 -0.999162 -0.181892 0.820561 0.570098 -0.0408442 11.5899
0.608629 -0.793443 0.00429918 3.31251 -0.0318652 -0.0298562 -0.999046 -0.220597 0.792815 0.607912 -0.0434546 12.4232
0.644801 -0.764346 0.00261683 3.91749 -0.032058 -0.0304643 -0.999022 -0.255483 0.763678 0.644086 -0.0441469 13.2255
0.679761 -0.733414 0.0052606 4.56489 -0.0308693 -0.0357758 -0.998883 -0.293813 0.732783 0.67884 -0.046959 13.9953
0.713188 -0.700958 0.00451672 5.2439 -0.029925 -0.0368835 -0.998871 -0.327231 0.700334 0.712248 -0.047281 14.7333
0.745701 -0.666275 0.0027045 5.95016 -0.0294948 -0.0370655 -0.998877 -0.359265 0.665628 0.744784 -0.0472914 15.4407
0.776199 -0.630479 0.00324263 6.68929 -0.0300821 -0.042171 -0.998657 -0.389974 0.62977 0.77506 -0.0516993 16.1062
0.804735 -0.593633 0.00126834 7.4537 -0.0301032 -0.0429418 -0.998624 -0.419574 0.592871 0.803589 -0.052427 16.7371
0.83137 -0.555719 0.000143795 8.24811 -0.0304499 -0.0458122 -0.998486 -0.450165 0.554884 0.830107 -0.0550084 17.3278
0.856189 -0.51666 -0.00168464 9.0713 -0.0330985 -0.051595 -0.998119 -0.47916 0.515602 0.854634 -0.0612757 17.8801
0.878792 -0.477196 -0.00303505 9.9166 -0.0323698 -0.0532636 -0.998056 -0.505254 0.476106 0.877181 -0.0622543 18.3951
0.898765 -0.438428 -0.00163696 10.7909 -0.0302163 -0.0582167 -0.997847 -0.537547 0.437389 0.896879 -0.0655708 18.8714
0.916119 -0.400906 -0.00104795 11.6877 -0.028233 -0.0619081 -0.997683 -0.56896 0.399912 0.914025 -0.0680339 19.3067
0.93097 -0.365078 -0.00356495 12.6001 -0.0289485 -0.0640796 -0.997525 -0.592582 0.363946 0.928769 -0.0702247 19.7094
0.943584 -0.331116 -0.00340165 13.5367 -0.0265895 -0.0655247 -0.997497 -0.616691 0.330064 0.941312 -0.0706322 20.0773
0.954705 -0.297553 -0.00118249 14.4938 -0.0222667 -0.0674793 -0.997472 -0.642243 0.296721 0.952318 -0.0710483 20.4161
0.964433 -0.264322 -0.00152709 15.4682 -0.0202806 -0.0682352 -0.997463 -0.663998 0.263547 0.962018 -0.0711689 20.7216
0.972798 -0.231613 -0.00445642 16.4513 -0.0202969 -0.066054 -0.99761 -0.676849 0.230765 0.970563 -0.0689582 20.9975
0.979777 -0.199985 -0.00665232 17.4497 -0.0202561 -0.066055 -0.99761 -0.690933 0.199067 0.97757 -0.06877 21.2406
0.985587 -0.169024 -0.00703282 18.4696 -0.018749 -0.067821 -0.997521 -0.70785 0.168128 0.983276 -0.0700125 21.4507
0.990391 -0.138135 -0.00668479 19.5065 -0.0164183 -0.0694452 -0.997451 -0.723603 0.137319 0.987976 -0.0710458 21.6312
0.994207 -0.107326 -0.00576947 20.56 -0.0131399 -0.0680935 -0.997592 -0.736112 0.106674 0.991889 -0.0691092 21.7833
0.996971 -0.0775555 -0.00584151 21.6305 -0.0111846 -0.0686393 -0.997579 -0.744768 0.0769668 0.994622 -0.0692988 21.9049
0.998737 -0.0498272 -0.00645767 22.7142 -0.0100028 -0.0712295 -0.99741 -0.750867 0.0492381 0.996215 -0.071638 21.9909
0.99968 -0.0242855 -0.00707756 23.8116 -0.00889159 -0.0754205 -0.997112 -0.756463 0.0236815 0.996856 -0.0756123 22.0466
0.999971 -0.00125935 -0.0074911 24.9225 -0.00756766 -0.0797081 -0.99679 -0.760524 0.000658211 0.996817 -0.0797153 22.0725
0.999781 0.0195286 -0.00759908 26.0435 -0.00589983 -0.0856432 -0.996308 -0.765323 -0.0201074 0.996134 -0.0855092 22.0716
0.99927 0.0375667 -0.0068798 27.1738 -0.00347009 -0.0900864 -0.995928 -0.768397 -0.0380334 0.995225 -0.0898903 22.0458
0.998546 0.0534239 -0.00719295 28.3154 -0.00217946 -0.093315 -0.995634 -0.768335 -0.0538619 0.994202 -0.0930629 22.0009
0.997659 0.0680619 -0.00659562 29.4608 -4.58736e-05 -0.0957882 -0.995402 -0.767682 -0.0683807 0.993072 -0.0955609 21.9388
0.996656 0.0815288 -0.00548478 30.6117 0.00236832 -0.0959155 -0.995387 -0.763777 -0.0816787 0.992045 -0.0957879 21.8629
0.995561 0.0939691 -0.00539394 31.7679 0.00363815 -0.095682 -0.995405 -0.756971 -0.0940534 0.990966 -0.0955991 21.7727
0.994398 0.105389 -0.00815136 32.9347 0.00198878 -0.0957548 -0.995403 -0.745283 -0.105685 0.98981 -0.095428 21.6662
0.993212 0.115707 -0.0119486 34.1178 -0.000743998 -0.0963985 -0.995343 -0.731786 -0.11632 0.988594 -0.095658 21.5437
0.992001 0.125364 -0.014762 35.3221 -0.00249118 -0.0974794 -0.995234 -0.719208 -0.126205 0.98731 -0.0963874 21.4054
0.990989 0.132993 -0.0159663 36.5474 -0.00297435 -0.0973207 -0.995249 -0.707541 -0.133915 0.986327 -0.0960481 21.2549
0.990171 0.138887 -0.0165069 37.7937 -0.00301138 -0.0968233 -0.995297 -0.695945 -0.139832 0.985564 -0.0954533 21.0926
0.989404 0.144057 -0.018095 39.0559 -0.00395418 -0.0978479 -0.995193 -0.685196 -0.145136 0.98472 -0.0962415 20.9196
0.988698 0.148583 -0.0199979 40.3423 -0.00553254 -0.097138 -0.995256 -0.672451 -0.14982 0.984118 -0.0952181 20.738
0.988045 0.152721 -0.0210822 41.648 -0.00617679 -0.0974234 -0.995224 -0.663494 -0.154045 0.983456 -0.0953153 20.5463
0.987581 0.15581 -0.020161 42.9768 -0.00498525 -0.0971824 -0.995254 -0.656604 -0.15703 0.982995 -0.0951987 20.3464
0.987262 0.158115 -0.017724 44.327 -0.00220982 -0.0977604 -0.995208 -0.649386 -0.15909 0.982569 -0.0961657 20.1382
0.986912 0.160389 -0.0167427 45.6961 -0.000990455 -0.0977932 -0.995206 -0.637958 -0.161258 0.982197 -0.0963544 19.9251
0.986571 0.162396 -0.0174662 47.0854 -0.00115007 -0.100027 -0.994984 -0.62442 -0.163329 0.981642 -0.0984968 19.7046
0.986395 0.163405 -0.0179931 48.493 -0.00162439 -0.0997587 -0.99501 -0.609513 -0.164385 0.981502 -0.098136 19.4793
0.986289 0.163948 -0.0188529 49.923 -0.00209044 -0.10182 -0.994801 -0.595348 -0.165015 0.9812 -0.100081 19.247
0.986265 0.16403 -0.0193624 51.3683 -0.00267481 -0.101351 -0.994847 -0.581968 -0.165147 0.981235 -0.0995202 19.0128
0.986327 0.163507 -0.0206095 52.8359 -0.00397589 -0.101412 -0.994837 -0.57028 -0.164753 0.981316 -0.0993751 18.7749
0.986522 0.162321 -0.0206589 54.3262 -0.00408972 -0.101754 -0.994801 -0.560129 -0.163579 0.981477 -0.099719 18.5343
0.986791 0.160831 -0.0194332 55.8357 -0.00315741 -0.100841 -0.994898 -0.551463 -0.16197 0.981817 -0.0990011 18.2934
0.98696 0.159696 -0.0201892 57.3675 -0.00387412 -0.101822 -0.994795 -0.5412 -0.160921 0.981901 -0.0998751 18.0501
0.987136 0.15849 -0.0210738 58.9169 -0.00490014 -0.101755 -0.994797 -0.529221 -0.159809 0.982103 -0.0996692 17.8075
0.987276 0.157523 -0.0217443 60.4954 -0.0055111 -0.102765 -0.99469 -0.521023 -0.158922 0.982154 -0.100589 17.5613
0.987443 0.15648 -0.0216795 62.0907 -0.00562369 -0.102328 -0.994735 -0.512911 -0.157875 0.982366 -0.100163 17.315
0.98763 0.155528 -0.0199547 63.7051 -0.00370554 -0.104075 -0.994563 -0.508553 -0.156759 0.982334 -0.102211 17.065
0.987772 0.154839 -0.0182096 65.3352 -0.00181894 -0.105345 -0.994434 -0.503337 -0.155896 0.982307 -0.103775 16.8131
0.987883 0.154065 -0.0187466 66.9754 -0.0021996 -0.106879 -0.99427 -0.494937 -0.155186 0.982263 -0.105245 16.5627
0.988001 0.153004 -0.0210709 68.6329 -0.00427482 -0.109284 -0.994001 -0.487568 -0.154389 0.982164 -0.107319 16.3086
0.988107 0.15236 -0.0207697 70.3042 -0.00415669 -0.108556 -0.994082 -0.483086 -0.153713 0.982345 -0.106631 16.0577
0.988146 0.152155 -0.0204004 71.99 -0.00374612 -0.108948 -0.99404 -0.47947 -0.153471 0.982333 -0.107087 15.8041
0.988212 0.151929 -0.0188584 73.6966 -0.00232682 -0.108262 -0.99412 -0.474446 -0.153077 0.982444 -0.106632 15.5504
0.988268 0.151529 -0.0191367 75.4153 -0.00236216 -0.110116 -0.993916 -0.467467 -0.152715 0.9823 -0.108466 15.2923
0.988266 0.151514 -0.0193226 77.1516 -0.00244472 -0.110798 -0.99384 -0.460585 -0.152722 0.982226 -0.109128 15.0343
0.988248 0.1515 -0.0203474 78.9039 -0.00339998 -0.111293 -0.993782 -0.452862 -0.152822 0.982172 -0.10947 14.7729
0.988182 0.151833 -0.0210351 80.6668 -0.00413575 -0.11077 -0.993837 -0.44638 -0.153227 0.982179 -0.108833 14.5118
0.988003 0.152956 -0.0213062 82.4446 -0.00445877 -0.109654 -0.99396 -0.441874 -0.154368 0.982131 -0.107656 14.2473
0.987803 0.15413 -0.0221109 84.2366 -0.00523402 -0.109055 -0.994022 -0.438579 -0.15562 0.982014 -0.106918 13.9791
0.98766 0.155136 -0.0214923 86.049 -0.00468361 -0.10791 -0.99415 -0.435894 -0.156548 0.981982 -0.105852 13.7069
0.987515 0.156121 -0.020986 87.872 -0.00404314 -0.108059 -0.994136 -0.432119 -0.157473 0.981809 -0.106079 13.4292
0.987467 0.156562 -0.0199603 89.7113 -0.00338233 -0.105447 -0.994419 -0.425027 -0.157793 0.982023 -0.103596 13.1493
0.987222 0.157958 -0.0210383 91.5625 -0.0043523 -0.105247 -0.994437 -0.416793 -0.159294 0.981821 -0.103214 12.8633
0.98677 0.160576 -0.0223609 93.4335 -0.00558696 -0.104162 -0.994545 -0.408419 -0.162029 0.981512 -0.101887 12.5738
0.986145 0.164381 -0.0223044 95.3169 -0.00500716 -0.104898 -0.99447 -0.402605 -0.165812 0.980803 -0.102622 12.2758
0.985359 0.169086 -0.021836 97.2115 -0.00443342 -0.102623 -0.99471 -0.399301 -0.170432 0.980244 -0.100371 11.9713
0.984538 0.173947 -0.0206843 99.115 -0.00317226 -0.100356 -0.994947 -0.39696 -0.175143 0.979628 -0.0982523 11.6564
0.983669 0.178649 -0.0219242 101.023 -0.00412546 -0.0993979 -0.995039 -0.39401 -0.179942 0.978879 -0.0970376 11.3308
0.982778 0.18332 -0.0232661 102.942 -0.00491883 -0.0999089 -0.994984 -0.391864 -0.184725 0.977963 -0.0972866 10.9916
0.981867 0.18792 -0.0249834 104.869 -0.00624961 -0.0996293 -0.995005 -0.392074 -0.189471 0.977118 -0.0966482 10.6415
0.980912 0.192737 -0.0257671 106.808 -0.00677124 -0.0985746 -0.995107 -0.395056 -0.194334 0.976286 -0.095388 10.2806
0.979946 0.197741 -0.0245886 108.756 -0.00552469 -0.0963879 -0.995328 -0.397588 -0.199187 0.975504 -0.0933624 9.90999
0.978851 0.203111 -0.024409 110.714 -0.00521424 -0.094507 -0.995511 -0.397901 -0.204506 0.974584 -0.0914492 9.52967
0.977691 0.208732 -0.0234759 112.68 -0.00394063 -0.0935179 -0.99561 -0.397932 -0.210011 0.973491 -0.0906091 9.13493
0.976503 0.214235 -0.0233393 114.652 -0.00329304 -0.0934552 -0.995618 -0.396326 -0.215477 0.972301 -0.0905539 8.72724
0.975261 0.219672 -0.0246986 116.629 -0.00403463 -0.094023 -0.995562 -0.393506 -0.221019 0.971032 -0.0908107 8.30511
0.973938 0.225359 -0.025665 118.613 -0.00456402 -0.093659 -0.995594 -0.390438 -0.226769 0.969764 -0.0901894 7.87161
0.972552 0.23127 -0.0256287 120.61 -0.00385709 -0.0941047 -0.995555 -0.390277 -0.232653 0.968328 -0.0906296 7.41997
0.9712 0.23685 -0.0259343 122.611 -0.00386728 -0.0931619 -0.995643 -0.388578 -0.238234 0.967069 -0.0895629 6.95685
0.969919 0.242007 -0.0262641 124.615 -0.00384755 -0.0926384 -0.995692 -0.385226 -0.243398 0.965842 -0.0889206 6.48166
0.968606 0.247194 -0.0264016 126.63 -0.00382131 -0.0913841 -0.995808 -0.382621 -0.248571 0.964647 -0.0875706 5.99354
0.967469 0.2516 -0.0264778 128.646 -0.00306225 -0.093006 -0.995661 -0.381279 -0.25297 0.963352 -0.08921 5.489
0.966486 0.255477 -0.0252283 130.673 -0.000959219 -0.0946773 -0.995507 -0.378795 -0.256718 0.962168 -0.0912592 4.9705
0.965497 0.259065 -0.0264892 132.703 -0.00152088 -0.0961078 -0.99537 -0.37272 -0.260411 0.961066 -0.0923977 4.44201
0.964662 0.26211 -0.0269222 134.741 -0.00158511 -0.0964013 -0.995341 -0.366177 -0.263484 0.960211 -0.0925792 3.90353
0.963735 0.265524 -0.0267013 136.786 -0.00126633 -0.095505 -0.995428 -0.359338 -0.26686 0.959362 -0.0917052 3.35738
0.962636 0.269459 -0.0268948 138.846 -0.00144143 -0.094217 -0.995551 -0.35092 -0.270794 0.958392 -0.0903083 2.80188
0.961351 0.273921 -0.0277743 140.902 -0.00229694 -0.0928951 -0.995673 -0.344414 -0.275316 0.957255 -0.0886756 2.23839
0.960072 0.278391 -0.0275735 142.969 -0.00192126 -0.0920001 -0.995757 -0.338815 -0.279747 0.956051 -0.0877919 1.66151
0.958728 0.282965 -0.0277765 145.043 -0.00164843 -0.0921595 -0.995743 -0.332711 -0.28432 0.954692 -0.0878895 1.0725
0.957376 0.287458 -0.0282828 147.117 -0.00189916 -0.09165 -0.99579 -0.326433 -0.28884 0.953398 -0.0871975 0.472694
0.955983 0.292005 -0.0287903 149.199 -0.00210554 -0.0912901 -0.995822 -0.321249 -0.293414 0.95205 -0.086657 -0.139677
0.95472 0.296208 -0.0277592 151.293 -0.000738056 -0.090948 -0.995855 -0.316329 -0.297505 0.950783 -0.0866113 -0.767444
0.953396 0.300439 -0.027807 153.383 -0.000203189 -0.0915211 -0.995803 -0.310561 -0.301723 0.9494 -0.0871948 -1.40462
0.952133 0.304363 -0.0283958 155.482 -0.000121719 -0.092515 -0.995711 -0.303883 -0.305685 0.948053 -0.0880495 -2.05562
0.950944 0.307949 -0.0295585 157.584 -0.000942154 -0.0926626 -0.995697 -0.295396 -0.309363 0.94688 -0.0878267 -2.71639
0.949708 0.311532 -0.03168 159.689 -0.00264544 -0.0931838 -0.995645 -0.287147 -0.313127 0.945656 -0.0876732 -3.38713
0.948564 0.314938 -0.0322573 161.807 -0.00270416 -0.0938274 -0.995585 -0.28228 -0.316574 0.944463 -0.0881497 -4.07084
0.947411 0.318303 -0.0330973 163.928 -0.00332888 -0.0936151 -0.995603 -0.278431 -0.320002 0.943355 -0.0876324 -4.76471
0.946224 0.321804 -0.0332149 166.054 -0.00316301 -0.0934621 -0.995618 -0.275468 -0.323498 0.942182 -0.0874181 -5.46798
0.94486 0.325798 -0.0331058 168.187 -0.00266436 -0.0934425 -0.995621 -0.272082 -0.327465 0.94081 -0.087422 -6.18149
0.94354 0.32958 -0.0333016 170.325 -0.00201068 -0.0948307 -0.995491 -0.270029 -0.331252 0.939353 -0.0888139 -6.90977
0.942382 0.332781 -0.0342491 172.466 -0.00184233 -0.0972129 -0.995262 -0.267092 -0.334534 0.93798 -0.0909986 -7.64975
0.941422 0.335539 -0.0337558 174.611 -0.000799583 -0.0978754 -0.995198 -0.261654 -0.337231 0.936928 -0.0918737 -8.39916
0.940484 0.338223 -0.0330896 176.765 0.000125769 -0.0977152 -0.995214 -0.254063 -0.339838 0.935979 -0.0919421 -9.15749
0.939487 0.340989 -0.0330165 178.923 6.67431e-05 -0.0965571 -0.995327 -0.24392 -0.342584 0.935095 -0.0907369 -9.92281
0.938332 0.343978 -0.0348158 181.086 -0.00186466 -0.0956644 -0.995412 -0.233579 -0.34573 0.934092 -0.0891236 -10.6972
0.937076 0.347237 -0.0362693 183.257 -0.00313454 -0.0955141 -0.995423 -0.226271 -0.349112 0.9329 -0.0884155 -11.4822
0.935834 0.350434 -0.0375532 185.434 -0.00478804 -0.0939007 -0.99557 -0.223567 -0.352408 0.931868 -0.0861976 -12.2781
0.934528 0.353746 -0.039014 187.613 -0.00646758 -0.0927248 -0.995671 -0.221736 -0.355832 0.930734 -0.0843659 -13.0832
0.933097 0.357503 -0.039017 189.793 -0.00581205 -0.093488 -0.995603 -0.224426 -0.359579 0.929221 -0.0851555 -13.8996
0.931762 0.361097 -0.0377958 191.986 -0.00450443 -0.0925956 -0.995694 -0.227599 -0.363042 0.92792 -0.0846505 -14.7308
0.930341 0.364821 -0.0370272 194.183 -0.00344398 -0.0922778 -0.995727 -0.2282 -0.366679 0.926494 -0.0845934 -15.5724
0.928804 0.368713 -0.0370865 196.38 -0.00302426 -0.0925337 -0.995705 -0.227427 -0.370561 0.924926 -0.0848305 -16.4235
0.92742 0.372168 -0.0372062 198.587 -0.00320995 -0.0915522 -0.995795 -0.224947 -0.374009 0.923639 -0.0837126 -17.2885
0.925888 0.375906 -0.0377509 200.776 -0.00383857 -0.0905583 -0.995884 -0.223954 -0.377778 0.922222 -0.0824039 -18.1555
0.924564 0.379149 -0.037776 202.988 -0.00357333 -0.0905104 -0.995889 -0.226092 -0.38101 0.920898 -0.0823278 -19.0431
0.92339 0.38194 -0.0383881 205.181 -0.00354317 -0.0915196 -0.995797 -0.230085 -0.383848 0.919644 -0.0831549 -19.9335
0.92234 0.384455 -0.0385238 207.382 -0.00291986 -0.0927662 -0.995684 -0.233944 -0.386369 0.918471 -0.0844394 -20.8407
0.921233 0.387137 -0.0381436 209.585 -0.00185039 -0.0936905 -0.9956 -0.23483 -0.389007 0.91725 -0.0855944 -21.7559
0.920158 0.389623 -0.0387671 211.788 -0.00184078 -0.0947043 -0.995504 -0.233613 -0.391543 0.916092 -0.0864257 -22.6788
0.919042 0.392133 -0.0399235 213.987 -0.00263106 -0.0951819 -0.995457 -0.23166 -0.394152 0.914971 -0.0864444 -23.6048
0.917856 0.394886 -0.0400717 216.192 -0.00281782 -0.0944728 -0.995523 -0.232511 -0.396904 0.91386 -0.0855997 -24.5412
0.916645 0.397604 -0.0409048 218.41 -0.00368697 -0.0939229 -0.995573 -0.234713 -0.399686 0.912737 -0.0846279 -25.4892
0.915343 0.400476 -0.0420392 220.604 -0.0046291 -0.0939275 -0.995568 -0.239286 -0.40265 0.91148 -0.084122 -26.4342
0.914266 0.402926 -0.0420455 222.807 -0.0052299 -0.092039 -0.995742 -0.245256 -0.40508 0.910593 -0.0820409 -27.3894
0.912951 0.405834 -0.0426488 225.01 -0.00548913 -0.092291 -0.995717 -0.254767 -0.408032 0.909275 -0.0820295 -28.3546
0.911822 0.408389 -0.0424144 227.208 -0.00415718 -0.0941143 -0.995553 -0.267223 -0.410564 0.907943 -0.0841177 -29.3282
0.910716 0.410923 -0.0417109 229.408 -0.00309836 -0.0941869 -0.99555 -0.275179 -0.413023 0.906792 -0.0845043 -30.3087
0.909312 0.414105 -0.0408555 231.604 -0.00224484 -0.0932999 -0.995635 -0.277013 -0.416109 0.905435 -0.0839091 -31.2935
0.90791 0.417138 -0.0411697 233.798 -0.00283612 -0.0921029 -0.995745 -0.276801 -0.419155 0.904164 -0.0824381 -32.2842
0.906373 0.420524 -0.0405779 235.995 -0.00257522 -0.0905463 -0.995889 -0.2787 -0.42247 0.902752 -0.0809858 -33.2851
0.904815 0.42396 -0.039606 238.185 -0.00169774 -0.0894215 -0.995992 -0.280666 -0.425802 0.901256 -0.0801901 -34.2913
0.903142 0.427509 -0.0396333 240.373 -0.0016576 -0.0888391 -0.996045 -0.282078 -0.429339 0.899635 -0.0795256 -35.3069
0.901435 0.431143 -0.0391229 242.555 -0.00114671 -0.0879927 -0.99612 -0.283388 -0.432913 0.897983 -0.0788253 -36.3296
0.899553 0.434993 -0.0398273 244.731 -0.00178014 -0.0875256 -0.996161 -0.284342 -0.436809 0.89617 -0.0779596 -37.3595
0.897597 0.439088 -0.0390113 246.903 -0.0010414 -0.0863852 -0.996261 -0.283817 -0.440816 0.894282 -0.0770818 -38.3976
0.89571 0.442917 -0.0391058 249.068 -0.000835434 -0.0862729 -0.996271 -0.283921 -0.444639 0.892402 -0.0769054 -39.4467
0.893936 0.446395 -0.0401293 251.232 -0.00130188 -0.0869487 -0.996212 -0.285366 -0.448193 0.890602 -0.0771454 -40.5068
0.892122 0.450017 -0.0400388 253.384 -0.00106837 -0.08652 -0.99625 -0.284746 -0.451794 0.888819 -0.0767056 -41.5718
0.89027 0.453655 -0.0402136 255.542 -0.00138578 -0.0855986 -0.996329 -0.281245 -0.455432 0.887057 -0.0755771 -42.6461
0.888424 0.457274 -0.0400306 257.699 -0.000926164 -0.0854224 -0.996344 -0.278267 -0.459022 0.885214 -0.0754678 -43.7312
0.886606 0.460718 -0.0408486 259.854 -0.00120104 -0.0860229 -0.996292 -0.273449 -0.462524 0.883368 -0.0757151 -44.8251
0.884733 0.464212 -0.0419016 262.007 -0.00129363 -0.0874527 -0.996168 -0.269851 -0.466097 0.881396 -0.0767717 -45.9324
0.88295 0.467415 -0.0438467 264.153 -0.00200646 -0.0896388 -0.995972 -0.268327 -0.469463 0.879482 -0.0782087 -47.046
0.881388 0.470279 -0.0446468 266.316 -0.00213422 -0.0905469 -0.99589 -0.267317 -0.472388 0.87786 -0.0788032 -48.1784
0.879738 0.47316 -0.0466923 268.454 -0.00311936 -0.0924589 -0.995712 -0.264632 -0.475448 0.876111 -0.0798636 -49.3096
0.878195 0.475785 -0.0490115 270.607 -0.00443192 -0.0943707 -0.995527 -0.261097 -0.478283 0.874484 -0.0807672 -50.46
0.876637 0.478574 -0.0497427 272.769 -0.00450278 -0.0952181 -0.995446 -0.257211 -0.481131 0.872869 -0.0813168 -51.6254
0.874816 0.481777 -0.0508721 274.929 -0.00504378 -0.0959458 -0.995374 -0.250358 -0.484429 0.871026 -0.0815049 -52.7976
0.873013 0.485033 -0.0509083 277.104 -0.00530851 -0.0949281 -0.99547 -0.243048 -0.487669 0.869328 -0.0802986 -53.9867
0.871124 0.488303 -0.051994 279.279 -0.00575414 -0.095723 -0.995391 -0.237809 -0.491029 0.867408 -0.0805768 -55.1865
0.869246 0.491608 -0.0522715 281.473 -0.00624923 -0.094797 -0.995477 -0.234243 -0.49434 0.865641 -0.0793298 -56.4036
0.86768 0.494386 -0.0520889 283.649 -0.00666509 -0.0932022 -0.995625 -0.231424 -0.497078 0.864231 -0.0775746 -57.6206
0.866106 0.497116 -0.0523147 285.837 -0.00599279 -0.0943242 -0.995524 -0.231508 -0.499825 0.862542 -0.0787156 -58.8557
0.864952 0.49912 -0.0523213 288.037 -0.00485455 -0.0959298 -0.995376 -0.230695 -0.501831 0.861207 -0.0805516 -60.1095
0.863773 0.501168 -0.0522174 290.24 -0.00412283 -0.0965975 -0.995315 -0.226181 -0.503864 0.859941 -0.0813721 -61.3724
0.862496 0.503364 -0.05221 292.456 -0.00387542 -0.0965961 -0.995316 -0.218666 -0.506049 0.858658 -0.081363 -62.6452
0.861195 0.505657 -0.0515116 294.672 -0.00317718 -0.0959886 -0.995377 -0.210189 -0.508264 0.857378 -0.0810583 -63.9267
0.859699 0.508207 -0.0514132 296.901 -0.0022676 -0.0968541 -0.995296 -0.20117 -0.510796 0.855771 -0.0821129 -65.2239
0.858435 0.510339 -0.0514119 299.126 -0.00172988 -0.0973522 -0.995248 -0.189492 -0.512919 0.854445 -0.0826877 -66.5261
0.857221 0.512303 -0.0521393 301.363 -0.00258571 -0.0969678 -0.995284 -0.176521 -0.514943 0.853313 -0.0817981 -67.8418
0.855749 0.514529 -0.0543437 303.604 -0.00525313 -0.0963882 -0.99533 -0.163344 -0.517364 0.852038 -0.0797812 -69.1668
0.853807 0.517826 -0.0535754 305.854 -0.00498564 -0.0947747 -0.995486 -0.155827 -0.520567 0.85022 -0.0783376 -70.5051
0.85123 0.522298 -0.0511162 308.114 -0.0033231 -0.0920361 -0.99575 -0.1479 -0.524782 0.847782 -0.0766082 -71.8552
0.848362 0.527175 -0.0486666 310.379 -0.00147656 -0.0895685 -0.995979 -0.137148 -0.529415 0.845023 -0.0752081 -73.2211
0.845477 0.531922 -0.0471884 312.644 -0.000101241 -0.0882062 -0.996102 -0.122091 -0.534011 0.842187 -0.0745225 -74.6062
0.842719 0.536251 -0.0475284 314.906 0.000193428 -0.0885863 -0.996068 -0.105188 -0.538353 0.839397 -0.0747571 -76.0108
0.840016 0.540376 -0.0486591 317.166 0.000719579 -0.0907935 -0.995869 -0.0858167 -0.542562 0.836511 -0.0766568 -77.4307
0.837549 0.544085 -0.0498221 319.429 0.000675736 -0.0922203 -0.995738 -0.0672791 -0.546361 0.833946 -0.0776067 -78.8712
0.835182 0.547722 -0.0497254 321.697 0.00145396 -0.0926127 -0.995701 -0.0500957 -0.549973 0.831519 -0.0781448 -80.3284
0.832694 0.551641 -0.0481014 323.956 0.0040566 -0.0929421 -0.995663 -0.0351386 -0.553719 0.828887 -0.07963 -81.7941
0.83018 0.555539 -0.0466759 326.213 0.0052229 -0.0914707 -0.995794 -0.0160445 -0.557471 0.826444 -0.0788386 -83.2718
0.827671 0.559281 -0.0465242 328.461 0.00532356 -0.0907197 -0.995862 0.00617781 -0.561188 0.823999 -0.0780634 -84.7584
0.82498 0.563295 -0.0459 330.71 0.00621569 -0.0902539 -0.995899 0.0280251 -0.565127 0.821312 -0.077959 -86.2585
0.822219 0.567361 -0.0453581 332.952 0.00823229 -0.0915377 -0.995768 0.0505538 -0.569112 0.818366 -0.0799347 -87.7723
0.819538 0.571209 -0.0455852 335.188 0.00882512 -0.0921241 -0.995708 0.0774169 -0.572957 0.815619 -0.0805401 -89.2976
0.817035 0.574861 -0.0445882 337.419 0.00920725 -0.090329 -0.995869 0.110624 -0.576514 0.81325 -0.0790948 -90.8333
0.814623 0.578373 -0.0432828 339.641 0.010854 -0.089816 -0.995899 0.145667 -0.579889 0.810813 -0.0794439 -92.3801
0.812568 0.581331 -0.0422726 341.865 0.0125499 -0.0899582 -0.995866 0.183009 -0.582731 0.808679 -0.0803928 -93.9433
0.810599 0.584113 -0.041738 344.083 0.0120861 -0.0879457 -0.996052 0.225244 -0.585477 0.806894 -0.0783483 -95.5134
0.80853 0.587043 -0.040746 346.299 0.0106857 -0.0838777 -0.996419 0.269298 -0.588358 0.805199 -0.0740906 -97.0885
0.806317 0.590138 -0.0398771 348.513 0.0098377 -0.0807899 -0.996683 0.310639 -0.591402 0.80325 -0.0709479 -98.6737
0.804116 0.593328 -0.0368821 350.717 0.0118986 -0.0780928 -0.996875 0.345739 -0.594354 0.801164 -0.0698554 -100.265
0.801898 0.596379 -0.035943 352.923 0.0136733 -0.0784626 -0.996823 0.382167 -0.597304 0.798859 -0.0710735 -101.876
0.799642 0.599405 -0.0358653 355.116 0.013549 -0.0777236 -0.996883 0.422773 -0.600324 0.796664 -0.0702724 -103.488
0.797494 0.602239 -0.0362245 357.302 0.0124617 -0.076471 -0.996994 0.461369 -0.603198 0.794645 -0.0684901 -105.111
0.795209 0.605498 -0.0318644 359.493 0.0159543 -0.0734293 -0.997173 0.499518 -0.606126 0.792452 -0.0680519 -106.747
0.79291 0.608635 -0.029286 361.669 0.0174569 -0.0707318 -0.997343 0.550451 -0.609089 0.790291 -0.0667088 -108.384
0.790627 0.611594 -0.0293487 363.84 0.0173184 -0.0702495 -0.997379 0.604463 -0.612053 0.788047 -0.066133 -110.029
0.78852 0.614324 -0.0290206 366.002 0.017491 -0.0695689 -0.997424 0.656796 -0.61476 0.785981 -0.0656016 -111.683
0.786495 0.616929 -0.0287349 368.159 0.0179878 -0.0693893 -0.997427 0.706599 -0.617335 0.783954 -0.0656714 -113.346
0.784349 0.619724 -0.0271683 370.302 0.0197498 -0.0687235 -0.99744 0.755204 -0.620005 0.781805 -0.0661426 -115.012
0.782182 0.622488 -0.0264397 372.445 0.018932 -0.0661624 -0.997629 0.807239 -0.622762 0.779827 -0.063536 -116.688
0.77999 0.625345 -0.0236564 374.589 0.0155619 -0.0571732 -0.998243 0.864327 -0.625599 0.778251 -0.0543261 -118.368
0.777293 0.628654 -0.024674 376.707 0.00701562 -0.0478773 -0.998829 0.915016 -0.629099 0.77621 -0.0416251 -120.037
0.77477 0.631287 -0.0347574 378.819 0.00198625 -0.0574047 -0.998349 0.93072 -0.632241 0.773421 -0.0457293 -121.735
0.773994 0.632136 -0.0365663 380.918 0.00595717 -0.0650163 -0.997866 0.939227 -0.633165 0.772125 -0.054088 -123.445
0.77291 0.633976 -0.026166 383.025 0.0187899 -0.0640884 -0.997767 0.965634 -0.634237 0.770693 -0.061447 -125.155
0.770782 0.636887 -0.0164131 385.137 0.0271265 -0.0585465 -0.997916 1.02786 -0.636521 0.768731 -0.0624031 -126.862
0.76825 0.640066 -0.0103983 387.242 0.0302436 -0.0525162 -0.998162 1.10886 -0.639436 0.766523 -0.0597034 -128.569
0.76593 0.642847 -0.00995981 389.332 0.0298584 -0.0510415 -0.99825 1.18838 -0.64223 0.764292 -0.0582885 -130.282
0.763772 0.64532 -0.0146629 391.405 0.0283454 -0.0562252 -0.998016 1.25921 -0.644864 0.761841 -0.0612351 -132.004
0.761944 0.647279 -0.021729 393.474 0.0237184 -0.061417 -0.99783 1.32605 -0.647209 0.759775 -0.0621487 -133.735
0.759781 0.649683 -0.0253974 395.538 0.0204718 -0.0629473 -0.997807 1.38752 -0.649857 0.757594 -0.0611263 -135.475
0.75735 0.652554 -0.0243868 397.597 0.0215399 -0.062289 -0.997826 1.44568 -0.652654 0.755178 -0.0612305 -137.22
0.754923 0.655377 -0.0239236 399.652 0.022986 -0.062899 -0.997755 1.50568 -0.655411 0.752678 -0.0625484 -138.966
0.752874 0.657745 -0.0234843 401.69 0.0243474 -0.0634903 -0.997685 1.56858 -0.657714 0.75056 -0.0638146 -140.716
0.751266 0.659565 -0.0239301 403.729 0.0245384 -0.064146 -0.997639 1.63191 -0.659543 0.748905 -0.0643754 -142.486
0.750041 0.660957 -0.023945 405.758 0.0249083 -0.0644068 -0.997613 1.6979 -0.660922 0.747654 -0.0647711 -144.255
0.748955 0.662167 -0.0245202 407.785 0.0249499 -0.06516 -0.997563 1.76344 -0.662151 0.746518 -0.0653229 -146.031
0.74806 0.663189 -0.0242151 409.809 0.0266635 -0.066495 -0.99743 1.82884 -0.663095 0.745492 -0.0674252 -147.81
0.747146 0.664251 -0.023315 411.824 0.0295442 -0.0682337 -0.997232 1.89849 -0.664003 0.744389 -0.0706053 -149.583
0.746165 0.665366 -0.0229253 413.846 0.0315555 -0.0697415 -0.997066 1.97629 -0.665013 0.743252 -0.0730345 -151.368
0.745174 0.666453 -0.0235964 415.858 0.0302226 -0.0690976 -0.997152 2.05966 -0.666185 0.742338 -0.0716316 -153.149
0.743864 0.667908 -0.0237639 417.868 0.0267498 -0.0652827 -0.997508 2.14491 -0.667795 0.741375 -0.0664279 -154.929
0.742734 0.669185 -0.0232097 419.873 0.0248929 -0.0622344 -0.997751 2.22042 -0.669124 0.740486 -0.0628815 -156.713
0.741809 0.670249 -0.0220676 421.876 0.0257205 -0.0613183 -0.997787 2.2868 -0.670118 0.739599 -0.0627255 -158.501
0.741051 0.671129 -0.020714 423.879 0.0260384 -0.0595504 -0.997886 2.35644 -0.670944 0.738945 -0.061605 -160.294
0.74024 0.672036 -0.0203142 425.873 0.0241639 -0.0567865 -0.998094 2.43057 -0.671908 0.738338 -0.0582746 -162.085
0.739508 0.672879 -0.0190057 427.868 0.0248581 -0.0555126 -0.998149 2.50019 -0.672688 0.737667 -0.0577785 -163.881
0.739141 0.673322 -0.0175237 429.85 0.0273682 -0.0560185 -0.998055 2.56849 -0.672994 0.737224 -0.0598332 -165.674
0.739198 0.673279 -0.0167906 431.835 0.0300327 -0.0578586 -0.997873 2.6389 -0.672818 0.737121 -0.0629893 -167.473
0.740042 0.672386 -0.0153419 433.809 0.0359562 -0.0623321 -0.997408 2.70608 -0.671599 0.737571 -0.0703048 -169.269
0.741412 0.670898 -0.0142952 435.787 0.0407218 -0.0662448 -0.996972 2.79882 -0.669814 0.738585 -0.0764348 -171.063
0.743033 0.669138 -0.0125336 437.772 0.0390602 -0.0620542 -0.997308 2.9092 -0.668114 0.740543 -0.0722449 -172.845
0.743633 0.668465 -0.0128259 439.759 0.0321357 -0.0548975 -0.997975 3.01113 -0.667815 0.741715 -0.0623052 -174.614
0.74518 0.666782 -0.0104369 441.759 0.0301975 -0.0493744 -0.998324 3.09585 -0.66618 0.743615 -0.0569279 -176.393
0.747322 0.664391 -0.00967374 443.76 0.0294396 -0.0476518 -0.99843 3.18306 -0.663809 0.745864 -0.0551706 -178.166
0.749781 0.661613 -0.00982588 445.762 0.0305148 -0.0494076 -0.998312 3.27229 -0.660982 0.748216 -0.0572339 -179.936
0.752315 0.658724 -0.0102285 447.764 0.0305052 -0.0503402 -0.998266 3.36538 -0.658097 0.750699 -0.0579662 -181.693
0.754397 0.656317 -0.0115513 449.771 0.026994 -0.0486009 -0.998453 3.45615 -0.655863 0.752918 -0.0543809 -183.441
0.755781 0.654791 -0.00663114 451.796 0.0273204 -0.0416487 -0.998759 3.54238 -0.654254 0.754662 -0.0493665 -185.184
0.756598 0.65388 0.000159518 453.825 0.0285168 -0.0327528 -0.999057 3.62653 -0.653258 0.755889 -0.0434272 -186.918
0.757115 0.653274 0.00306134 455.856 0.0263995 -0.0259129 -0.999316 3.7143 -0.652748 0.756678 -0.0368652 -188.647
0.757587 0.652722 0.00412517 457.884 0.0257807 -0.0236064 -0.999389 3.79361 -0.652225 0.75723 -0.0347115 -190.375
0.758537 0.651617 0.00413312 459.91 0.0272733 -0.02541 -0.999305 3.86644 -0.651059 0.758122 -0.0370461 -192.107
0.759676 0.650282 0.00510381 461.938 0.0301558 -0.0273867 -0.99917 3.94298 -0.649602 0.759199 -0.0404148 -193.838
0.760813 0.648934 0.00696558 463.969 0.0314331 -0.0261273 -0.999164 4.02765 -0.64821 0.760396 -0.040276 -195.561
0.761607 0.647994 0.00758536 466.001 0.0301488 -0.0237375 -0.999263 4.11714 -0.647337 0.761275 -0.0376149 -197.278
0.762378 0.6471 0.00647282 468.037 0.0279606 -0.0229454 -0.999346 4.20244 -0.646528 0.76206 -0.0355863 -198.995
0.763284 0.646043 0.00508063 470.069 0.0264273 -0.0233639 -0.999378 4.27913 -0.645522 0.762944 -0.0349064 -200.706
0.764263 0.644889 0.00455048 472.109 0.0274839 -0.0255202 -0.999296 4.35075 -0.644319 0.76385 -0.0372282 -202.423
0.76531 0.643646 0.00451915 474.149 0.0287853 -0.0272107 -0.999215 4.42401 -0.643017 0.76484 -0.0393522 -204.137
0.766058 0.642751 0.00505415 476.19 0.0295376 -0.0273473 -0.999189 4.50257 -0.642092 0.765587 -0.0399349 -205.844
0.766844 0.641813 0.00503467 478.233 0.0293007 -0.0271706 -0.999201 4.58272 -0.641164 0.766379 -0.0396412 -207.545
0.7675 0.641019 0.00616696 480.282 0.0304042 -0.0267906 -0.999179 4.6638 -0.640328 0.767057 -0.0400515 -209.247
0.768104 0.640282 0.00735458 482.329 0.0314589 -0.0262623 -0.99916 4.74724 -0.639552 0.76769 -0.0403148 -210.944
0.768545 0.639762 0.00654999 484.381 0.0300286 -0.0258432 -0.999215 4.83362 -0.63909 0.768138 -0.0390728 -212.642
0.768902 0.639345 0.00528202 486.431 0.0284254 -0.02593 -0.99926 4.91605 -0.638735 0.768482 -0.0381112 -214.337
0.76936 0.63879 0.00568029 488.479 0.0292487 -0.0263418 -0.999225 4.99377 -0.638145 0.76893 -0.0389501 -216.031
0.76973 0.638331 0.0070487 490.534 0.0306203 -0.0258899 -0.999196 5.07378 -0.637635 0.769326 -0.0394741 -217.726
0.769819 0.638209 0.00825745 492.587 0.0310394 -0.0245119 -0.999218 5.15429 -0.637507 0.769472 -0.0386793 -219.418
0.769691 0.638357 0.00868388 494.642 0.0310851 -0.0238875 -0.999231 5.232 -0.637659 0.76937 -0.0382294 -221.108
0.76954 0.638545 0.00833735 496.696 0.0308117 -0.0240858 -0.999235 5.31083 -0.637855 0.769208 -0.0382096 -222.799
0.769369 0.638756 0.00790934 498.744 0.0306607 -0.0245573 -0.999228 5.38745 -0.638069 0.769017 -0.0384784 -224.487
0.769174 0.63897 0.00941826 500.804 0.0324171 -0.0242952 -0.999179 5.45988 -0.638217 0.768848 -0.0394007 -226.187
0.768946 0.639217 0.0111554 502.858 0.0336994 -0.0231016 -0.999165 5.54083 -0.638426 0.768679 -0.0393051 -227.88
0.768722 0.63948 0.0115086 504.911 0.0339537 -0.0228341 -0.999162 5.62443 -0.638682 0.768469 -0.0392657 -229.574
0.768668 0.639544 0.0115403 506.963 0.0334548 -0.0221793 -0.999194 5.71203 -0.638773 0.768434 -0.0384444 -231.267
0.768601 0.639631 0.0111489 509.01 0.0329523 -0.0221801 -0.999211 5.79856 -0.638879 0.768362 -0.0381249 -232.957
0.768784 0.639425 0.0103173 511.066 0.0327216 -0.0232191 -0.999195 5.88202 -0.638671 0.768502 -0.0387735 -234.657
0.768995 0.639169 0.01049 513.117 0.0328466 -0.0231195 -0.999193 5.96597 -0.63841 0.768719 -0.0387733 -236.351
0.76898 0.639185 0.010598 515.169 0.0329226 -0.023041 -0.999192 6.05025 -0.638424 0.768708 -0.0387617 -238.044
0.769077 0.639073 0.0103466 517.221 0.0322623 -0.0226479 -0.999223 6.13618 -0.638342 0.768813 -0.0380359 -239.736
0.76912 0.639002 0.0114612 519.272 0.032977 -0.0217699 -0.999219 6.22059 -0.638253 0.768897 -0.037816 -241.428
0.769297 0.638782 0.0117713 521.328 0.0337495 -0.0222324 -0.999183 6.30774 -0.637999 0.769066 -0.0386619 -243.124
0.76947 0.638547 0.0131709 523.38 0.0354418 -0.0221002 -0.999127 6.39726 -0.637699 0.769265 -0.0396367 -244.816
0.769664 0.638331 0.0123145 525.432 0.0346723 -0.0225307 -0.999145 6.49083 -0.637507 0.769432 -0.0394735 -246.506
0.769839 0.638134 0.0114875 527.485 0.0345621 -0.0237095 -0.999121 6.58315 -0.637301 0.76956 -0.0403078 -248.197
0.770079 0.637841 0.0117026 529.534 0.0352097 -0.0241791 -0.999087 6.67596 -0.636976 0.769789 -0.041078 -249.883
0.77026 0.637605 0.0126278 531.595 0.0359355 -0.0236252 -0.999075 6.77119 -0.636717 0.770001 -0.0411102 -251.576
0.77016 0.637728 0.0124845 533.65 0.0351483 -0.022888 -0.99912 6.86766 -0.636881 0.769921 -0.0400425 -253.264
0.77001 0.637912 0.0123934 535.707 0.0350044 -0.022842 -0.999126 6.96186 -0.637071 0.769771 -0.0399183 -254.953
0.769936 0.637976 0.0136252 537.764 0.036309 -0.0224818 -0.999088 7.0553 -0.637088 0.769728 -0.0404738 -256.643
0.769777 0.638128 0.0153824 539.822 0.0382814 -0.0220972 -0.999023 7.15237 -0.637164 0.769613 -0.0414384 -258.334
0.769508 0.638418 0.0167191 541.882 0.0391065 -0.0209739 -0.999015 7.25428 -0.637439 0.769404 -0.0411058 -260.026
0.76931 0.6387 0.014973 543.938 0.036707 -0.0207912 -0.99911 7.35903 -0.63782 0.769175 -0.0394396 -261.715
0.769141 0.638948 0.0129881 545.996 0.033758 -0.020325 -0.999223 7.4592 -0.638187 0.768982 -0.0372024 -263.408
0.769096 0.639008 0.0126641 548.047 0.0335492 -0.020576 -0.999225 7.55112 -0.638252 0.768925 -0.0372631 -265.097
0.769144 0.638908 0.0146475 550.107 0.0365186 -0.0210571 -0.999111 7.64118 -0.638032 0.768995 -0.039528 -266.794
0.769109 0.638925 0.015677 552.166 0.0384428 -0.0217631 -0.999024 7.73898 -0.63796 0.768961 -0.0413003 -268.491
0.769121 0.638935 0.014679 554.219 0.0378707 -0.0226352 -0.999026 7.842 -0.637981 0.768927 -0.0416061 -270.185
0.769088 0.638993 0.0138585 556.276 0.0369845 -0.0228467 -0.999055 7.94545 -0.638072 0.768873 -0.041204 -271.88
0.769107 0.638982 0.0132403 558.33 0.0366616 -0.0234262 -0.999053 8.04557 -0.638067 0.768864 -0.0414434 -273.574
0.769196 0.638882 0.0129051 560.391 0.0371821 -0.0245867 -0.999006 8.14419 -0.63793 0.768911 -0.0426669 -275.274
0.769312 0.638736 0.0132794 562.448 0.0383625 -0.0254367 -0.99894 8.24266 -0.637721 0.769005 -0.0440722 -276.97
0.769472 0.638515 0.0145249 564.508 0.0393425 -0.0246882 -0.998921 8.34595 -0.637467 0.769213 -0.0441177 -278.668
0.76953 0.638442 0.014679 566.565 0.0397125 -0.0248999 -0.998901 8.45148 -0.637374 0.769267 -0.0445154 -280.361
0.769793 0.63814 0.0139983 568.619 0.0396169 -0.0258787 -0.99888 8.55686 -0.637063 0.769485 -0.0452024 -282.054
0.770081 0.637765 0.0151752 570.683 0.0414927 -0.0263355 -0.998792 8.66386 -0.636595 0.76978 -0.0467431 -283.753
0.770401 0.637358 0.0160388 572.744 0.0415374 -0.0250731 -0.998822 8.77534 -0.636206 0.770159 -0.0457905 -285.447
0.770547 0.637134 0.0178315 574.805 0.0423107 -0.0232159 -0.998835 8.88721 -0.635978 0.770403 -0.0448465 -287.136
0.770823 0.636828 0.0167799 576.867 0.0410708 -0.0233927 -0.998882 9.00019 -0.635724 0.77065 -0.0441867 -288.828
0.771305 0.636281 0.0153063 578.919 0.0402018 -0.0247039 -0.998886 9.10809 -0.635194 0.771061 -0.0446339 -290.513
0.771983 0.635485 0.014219 580.978 0.0399414 -0.026171 -0.998859 9.21389 -0.634388 0.77167 -0.0455856 -292.203
0.772531 0.634813 0.0144277 583.034 0.0405107 -0.0265984 -0.998825 9.31861 -0.633684 0.772208 -0.0462648 -293.887
0.772963 0.634249 0.0160241 585.1 0.0423285 -0.0263526 -0.998756 9.42497 -0.633038 0.77268 -0.0472164 -295.574
0.77345 0.633687 0.0146691 587.18 0.0409088 -0.0268104 -0.998803 9.53387 -0.632536 0.773124 -0.0466599 -297.273
0.773996 0.633014 0.0149506 589.209 0.040632 -0.0260909 -0.998833 9.63817 -0.631885 0.773701 -0.0459148 -298.924
0.774382 0.63253 0.0154209 591.27 0.0406912 -0.0254651 -0.998847 9.74336 -0.631408 0.774117 -0.0454581 -300.6
0.774916 0.631867 0.0157911 593.329 0.0408051 -0.0250806 -0.998852 9.84901 -0.630746 0.774671 -0.0452188 -302.271
0.775333 0.631334 0.0165944 595.394 0.0412719 -0.024431 -0.998849 9.95803 -0.630202 0.775126 -0.0449985 -303.942
0.775657 0.630912 0.0175015 597.458 0.0414141 -0.0232067 -0.998872 10.0667 -0.629795 0.775507 -0.0441291 -305.611
0.775964 0.630513 0.0182494 599.522 0.0410712 -0.0216332 -0.998922 10.177 -0.629438 0.775877 -0.0426825 -307.276
0.775849 0.630671 0.0176721 601.59 0.0395327 -0.0206396 -0.999005 10.2859 -0.629679 0.775776 -0.0409453 -308.945
0.775689 0.630847 0.0184273 603.658 0.0407901 -0.0209757 -0.998948 10.3924 -0.629796 0.775624 -0.0420029 -310.615
0.775562 0.630979 0.0192246 605.726 0.0423709 -0.0216465 -0.998867 10.5005 -0.629848 0.775498 -0.0435233 -312.287
0.775441 0.63109 0.0204252 607.789 0.0430755 -0.0206002 -0.998859 10.6135 -0.629949 0.775436 -0.0431587 -313.953
0.775302 0.631276 0.0199464 609.86 0.0417217 -0.0196772 -0.998935 10.7277 -0.630211 0.775309 -0.0415937 -315.626
0.775278 0.631367 0.0178702 611.927 0.0394721 -0.020193 -0.999017 10.8387 -0.630385 0.775221 -0.0405766 -317.299
0.775454 0.631189 0.0164507 613.988 0.0381486 -0.0208295 -0.999055 10.9451 -0.63025 0.775349 -0.0402313 -318.967
0.775546 0.631087 0.0160503 616.058 0.0379921 -0.02128 -0.999051 11.047 -0.630147 0.77542 -0.0404799 -320.641
0.775496 0.631111 0.0174477 618.122 0.0396642 -0.0211204 -0.99899 11.1473 -0.630105 0.775405 -0.0414113 -322.309
0.775516 0.631072 0.017984 620.191 0.0409432 -0.0218477 -0.998923 11.2524 -0.629999 0.775416 -0.0427813 -323.98
0.77562 0.630943 0.0180187 622.262 0.0412893 -0.0222302 -0.9989 11.3611 -0.629849 0.77551 -0.0432934 -325.652
0.775796 0.630733 0.017766 624.33 0.0406788 -0.0218973 -0.998932 11.4718 -0.629671 0.77569 -0.0426453 -327.32
0.775998 0.630495 0.0174255 626.401 0.0401443 -0.0217996 -0.998956 11.582 -0.629457 0.775887 -0.0422272 -328.99
0.776227 0.630206 0.017663 628.468 0.0406485 -0.0220695 -0.99893 11.6897 -0.629142 0.776114 -0.0427478 -330.657
0.776542 0.629819 0.0175887 630.542 0.0404455 -0.0219707 -0.99894 11.7975 -0.628766 0.776431 -0.0425345 -332.329
0.776738 0.629553 0.0184836 632.612 0.0411277 -0.0214149 -0.998924 11.9072 -0.62848 0.776663 -0.0425258 -333.994
0.777012 0.629199 0.0190011 634.685 0.0412978 -0.020833 -0.99893 12.0171 -0.62813 0.776965 -0.042172 -335.663
0.777328 0.628852 0.0174964 636.747 0.0395781 -0.0211281 -0.998993 12.1277 -0.627849 0.777238 -0.0413122 -337.323
0.777707 0.628378 0.0176896 638.817 0.0397296 -0.0210482 -0.998989 12.2348 -0.62737 0.777624 -0.0413345 -338.988
0.777983 0.62802 0.0182659 640.888 0.04071 -0.0213769 -0.998942 12.341 -0.626965 0.777904 -0.0421975 -340.653
