0.00592965 -0.999981 -0.0015959 -0.821901 -0.0175995 0.00149132 -0.999844 0.268478 0.999828 0.00595681 -0.0175903 -1.0924
0.00433426 -0.999991 0.000391462 -0.817144 -0.0185621 -0.000471851 -0.999828 0.258144 0.999818 0.00432624 -0.018564 -0.528127
0.0032178 -0.999994 0.000927245 -0.818375 -0.0199011 -0.000991104 -0.999801 0.246564 0.999797 0.00319871 -0.0199042 0.0335654
0.00139395 -0.999998 0.00101247 -0.825396 -0.0211104 -0.00104167 -0.999777 0.228852 0.999776 0.00137227 -0.0211118 0.594015
-0.000582913 -0.999995 0.00316813 -0.830999 -0.0230147 -0.00315387 -0.99973 0.2114 0.999735 -0.000655669 -0.0230127 1.15495
-0.00209649 -0.999982 0.00568107 -0.835263 -0.0251244 -0.00562661 -0.999668 0.196686 0.999682 -0.00223853 -0.0251121 1.71901
-0.00346197 -0.99997 0.00688206 -0.84334 -0.0260488 -0.00678959 -0.999638 0.180198 0.999655 -0.00363999 -0.0260245 2.29233
-0.00482973 -0.999963 0.00712019 -0.85372 -0.0252891 -0.00699586 -0.999656 0.160126 0.999669 -0.00500813 -0.0252544 2.87022
-0.00597998 -0.999955 0.00742667 -0.866931 -0.0255028 -0.00727189 -0.999648 0.135186 0.999657 -0.00616727 -0.0254581 3.45605
-0.00717095 -0.99995 0.00691493 -0.879633 -0.0279489 -0.00671199 -0.999587 0.115574 0.999584 -0.00736124 -0.0278994 4.05002
-0.0083434 -0.999951 0.00523644 -0.895826 -0.0318549 -0.00496819 -0.99948 0.098477 0.999458 -0.00850587 -0.0318118 4.65102
-0.00959148 -0.999947 0.00376098 -0.911571 -0.0356108 -0.00341719 -0.99936 0.0845406 0.99932 -0.00971926 -0.0355761 5.26377
-0.0108099 -0.999939 0.00232322 -0.928252 -0.0364188 -0.0019281 -0.999335 0.0675131 0.999278 -0.0108874 -0.0363957 5.88875
-0.0119341 -0.999929 -0.000168672 -0.947004 -0.0299932 0.000526574 -0.99955 0.0446571 0.999479 -0.0119236 -0.0299973 6.53408
-0.012732 -0.999918 -0.00118059 -0.965904 -0.0193745 0.00142716 -0.999811 0.0161097 0.999731 -0.0127067 -0.0193911 7.19504
-0.0134526 -0.999907 -0.00225938 -0.984796 -0.0121403 0.00242275 -0.999923 -0.0105619 0.999836 -0.0134241 -0.0121718 7.86882
-0.0147452 -0.999881 -0.00462233 -1.00601 -0.0120527 0.00480023 -0.999916 -0.0273532 0.999819 -0.0146883 -0.0121221 8.55133
-0.0156251 -0.999855 -0.00677293 -1.02976 -0.0194107 0.00707581 -0.999786 -0.0285568 0.99969 -0.0154903 -0.0195184 9.24441
-0.0165804 -0.999844 -0.00601315 -1.04969 -0.0265173 0.00645158 -0.999628 -0.0268817 0.999511 -0.0164148 -0.0266202 9.95617
-0.0178646 -0.999833 -0.003798 -1.06515 -0.0259407 0.00426082 -0.999654 -0.0353431 0.999504 -0.0177599 -0.0260125 10.6891
-0.0182622 -0.999829 -0.00306389 -1.07687 -0.0161142 0.00335833 -0.999864 -0.052332 0.999703 -0.0182104 -0.0161727 11.4464
-0.0186753 -0.999822 -0.00278796 -1.09058 -0.00815619 0.0029407 -0.999962 -0.0659367 0.999792 -0.0186519 -0.00820965 12.2204
-0.0191166 -0.999815 -0.00191327 -1.10692 -0.00536632 0.00201619 -0.999984 -0.0737454 0.999803 -0.019106 -0.00540387 13.0082
-0.0193357 -0.999813 0.00023199 -1.12147 -0.00634561 -0.00010931 -0.99998 -0.0752142 0.999793 -0.0193368 -0.00634231 13.8118
-0.019027 -0.999818 0.00104268 -1.14005 -0.00900408 -0.000871472 -0.999959 -0.0727516 0.999779 -0.0190356 -0.00898586 14.634
-0.0183955 -0.99983 -0.00122498 -1.15363 -0.0124999 0.00145508 -0.999921 -0.0682297 0.999753 -0.0183787 -0.0125246 15.4683
-0.0173677 -0.999848 0.00145142 -1.16299 -0.0177884 -0.00114242 -0.999841 -0.0708841 0.999691 -0.0173907 -0.0177658 16.3168
-0.0166983 -0.999851 0.00434758 -1.16698 -0.0239732 -0.00394657 -0.999705 -0.0796233 0.999573 -0.0167976 -0.0239037 17.1789
-0.0155089 -0.999872 0.00386835 -1.18083 -0.029978 -0.0034021 -0.999545 -0.0862727 0.99943 -0.0156178 -0.0299214 18.0632
-0.0152789 -0.99988 0.002617 -1.19264 -0.0309217 -0.00214355 -0.999519 -0.103517 0.999405 -0.0153525 -0.0308852 18.9646
-0.0155437 -0.999877 0.00220544 -1.20566 -0.0303464 -0.00173294 -0.999538 -0.128064 0.999419 -0.0156034 -0.0303157 19.8842
-0.015513 -0.999879 0.000986471 -1.21849 -0.0312888 -0.000500667 -0.99951 -0.153213 0.99939 -0.0155362 -0.0312772 20.8188
-0.0153942 -0.99988 -0.00168923 -1.23586 -0.0334851 0.00220402 -0.999437 -0.176682 0.999321 -0.015329 -0.033515 21.7725
-0.0154746 -0.999867 -0.00523329 -1.24805 -0.0343707 0.00576275 -0.999393 -0.20105 0.999289 -0.0152853 -0.0344553 22.7443
-0.01541 -0.999857 -0.0070122 -1.26558 -0.0342112 0.00753617 -0.999386 -0.229221 0.999296 -0.0151607 -0.0343224 23.7201
-0.0156492 -0.999847 -0.00787231 -1.28353 -0.0341005 0.00840239 -0.999383 -0.258304 0.999296 -0.0153711 -0.0342268 24.7024
-0.0158381 -0.999843 -0.00789761 -1.30182 -0.0342176 0.00843597 -0.999379 -0.28836 0.999289 -0.0155581 -0.0343458 25.6897
-0.0162047 -0.999831 -0.00867725 -1.32151 -0.0330652 0.0092095 -0.999411 -0.320604 0.999322 -0.0159083 -0.0332088 26.6901
-0.0165107 -0.99982 -0.0093711 -1.3416 -0.0311654 0.00988243 -0.999465 -0.352921 0.999378 -0.0162098 -0.0313229 27.6965
-0.0168584 -0.999808 -0.0100246 -1.36248 -0.0298931 0.0105255 -0.999498 -0.384538 0.999411 -0.0165503 -0.0300647 28.7101
-0.0169066 -0.999808 -0.00988448 -1.38302 -0.0306312 0.0103992 -0.999477 -0.414794 0.999388 -0.016595 -0.0308012 29.7312
-0.0171054 -0.999794 -0.01095 -1.40543 -0.0318155 0.0114904 -0.999428 -0.442287 0.999348 -0.0167472 -0.0320055 30.7598
-0.0174369 -0.99979 -0.0107489 -1.42792 -0.0310581 0.0112869 -0.999454 -0.474653 0.999366 -0.0170935 -0.0312484 31.7952
-0.0181022 -0.999786 -0.0100336 -1.44943 -0.0283303 0.0105441 -0.999543 -0.508484 0.999435 -0.0178097 -0.0285151 32.8408
-0.0184333 -0.999777 -0.0102716 -1.47271 -0.0248483 0.0107283 -0.999634 -0.541122 0.999521 -0.0181713 -0.0250405 33.8945
-0.0189386 -0.999766 -0.0104436 -1.49676 -0.0222623 0.0108646 -0.999693 -0.570903 0.999573 -0.0187002 -0.0224629 34.9562
-0.0194672 -0.999757 -0.0103685 -1.52338 -0.0216357 0.0107893 -0.999708 -0.598768 0.999577 -0.0192371 -0.0218405 36.0183
-0.0198468 -0.999755 -0.00978355 -1.54223 -0.0232038 0.0102434 -0.999678 -0.618194 0.999534 -0.0196134 -0.0234014 37.0901
-0.0201968 -0.999746 -0.00999023 -1.55458 -0.0235266 0.0104647 -0.999668 -0.635105 0.999519 -0.0199551 -0.023732 38.1653
-0.0207277 -0.999737 -0.00976444 -1.57642 -0.0226508 0.0102336 -0.999691 -0.661463 0.999529 -0.0205001 -0.022857 39.2412
-0.0214901 -0.999722 -0.00971525 -1.60145 -0.0205487 0.0101571 -0.999737 -0.691955 0.999558 -0.0212848 -0.0207612 40.3175
-0.0220584 -0.999708 -0.00983217 -1.62936 -0.0182217 0.010235 -0.999782 -0.72207 0.999591 -0.0218744 -0.0184421 41.3918
-0.022549 -0.999682 -0.0113158 -1.65878 -0.0176573 0.0117151 -0.999775 -0.750114 0.99959 -0.0223441 -0.0179159 42.4653
-0.0229713 -0.999664 -0.0120324 -1.69321 -0.0217207 0.0125317 -0.999686 -0.765984 0.9995 -0.0227028 -0.0220012 43.5311
-0.0230976 -0.999643 -0.0134381 -1.73151 -0.0262347 0.0140431 -0.999557 -0.777071 0.999389 -0.0227348 -0.0265497 44.5942
-0.0232769 -0.999628 -0.0142037 -1.76782 -0.0267852 0.014826 -0.999531 -0.798767 0.99937 -0.0228856 -0.0271203 45.6668
-0.0230517 -0.999632 -0.0143299 -1.80213 -0.0240241 0.0148835 -0.999601 -0.82443 0.999446 -0.0226982 -0.0243584 46.7445
-0.0228672 -0.999622 -0.0152679 -1.8366 -0.0217411 0.0157655 -0.999639 -0.846746 0.999502 -0.022527 -0.0220933 47.8205
-0.0227538 -0.999655 -0.0131341 -1.86667 -0.0204285 0.0135997 -0.999699 -0.868004 0.999532 -0.0224786 -0.0207309 48.8962
-0.0224331 -0.999649 -0.014105 -1.89978 -0.0201144 0.014557 -0.999692 -0.886967 0.999546 -0.0221425 -0.0204339 49.9749
-0.02198 -0.999687 -0.0119268 -1.93125 -0.0229778 0.0124316 -0.999659 -0.901646 0.999494 -0.0216984 -0.0232438 51.0463
-0.0219226 -0.999674 -0.0130495 -1.96563 -0.02549 0.0136073 -0.999582 -0.913284 0.999435 -0.0215808 -0.02578 52.1202
-0.0218253 -0.999689 -0.0120867 -1.99897 -0.0274802 0.0126849 -0.999542 -0.932809 0.999384 -0.0214831 -0.0277485 53.1947
-0.0217808 -0.999706 -0.0106915 -2.03768 -0.0304738 0.011353 -0.999471 -0.953695 0.999298 -0.0214435 -0.0307121 54.2615
-0.0216203 -0.999726 -0.00900127 -2.07173 -0.0330374 0.00971288 -0.999407 -0.980106 0.99922 -0.0213101 -0.0332383 55.3337
-0.0214319 -0.999741 -0.00759787 -2.10948 -0.0309815 0.00826009 -0.999486 -1.01142 0.99929 -0.0211855 -0.0311505 56.4039
-0.0213701 -0.999751 -0.0063886 -2.14263 -0.0248929 0.00692015 -0.999666 -1.04179 0.999462 -0.021204 -0.0250346 57.4883
-0.0210613 -0.999764 -0.00529881 -2.17824 -0.0188074 0.00569524 -0.999807 -1.06579 0.999601 -0.0209576 -0.0189229 58.572
-0.02089 -0.999775 -0.00363287 -2.20969 -0.0174814 0.00399837 -0.999839 -1.08394 0.999629 -0.0208231 -0.017561 59.6545
-0.0206045 -0.999788 -0.000466181 -2.23734 -0.0207039 0.000892864 -0.999785 -1.09346 0.999573 -0.0205904 -0.0207179 60.7344
-0.0205335 -0.999788 0.00141923 -2.26283 -0.0239917 -0.000926382 -0.999712 -1.10396 0.999501 -0.0205616 -0.0239676 61.813
-0.0206098 -0.999787 -0.000557355 -2.29268 -0.0277869 0.00113006 -0.999613 -1.11645 0.999402 -0.0205863 -0.0278043 62.8929
-0.020536 -0.999789 0.000172183 -2.32111 -0.0324624 0.000494659 -0.999473 -1.13126 0.999262 -0.0205307 -0.0324657 63.9756
-0.0200464 -0.999794 -0.00313406 -2.35151 -0.0333012 0.00380065 -0.999438 -1.14868 0.999244 -0.0199308 -0.0333705 65.0607
-0.0191151 -0.999785 -0.00800377 -2.38588 -0.0295964 0.00856755 -0.999525 -1.17325 0.999379 -0.0188692 -0.0297538 66.1522
-0.0189998 -0.999775 -0.00947091 -2.41582 -0.0271108 0.00998431 -0.999582 -1.19793 0.999452 -0.0187351 -0.0272944 67.24
-0.0191508 -0.999778 -0.00873086 -2.44157 -0.0268353 0.00924331 -0.999597 -1.21701 0.999457 -0.0189088 -0.0270064 68.325
-0.0189588 -0.999794 -0.00725451 -2.46609 -0.025909 0.00774466 -0.999634 -1.24017 0.999485 -0.018764 -0.0260505 69.4122
-0.0192262 -0.999796 -0.00612385 -2.49048 -0.0245308 0.00659485 -0.999677 -1.26205 0.999514 -0.0190697 -0.0246526 70.4953
-0.0194964 -0.9998 -0.00454333 -2.51705 -0.0226875 0.00498543 -0.99973 -1.28952 0.999553 -0.0193881 -0.0227801 71.5781
-0.0201822 -0.999791 -0.00335689 -2.54714 -0.0207163 0.00377503 -0.999778 -1.3197 0.999582 -0.0201082 -0.0207881 72.6563
-0.0207601 -0.999781 -0.00260517 -2.57651 -0.0217656 0.00305707 -0.999758 -1.34463 0.999548 -0.0206984 -0.0218243 73.7301
-0.0212825 -0.99977 -0.00272412 -2.60948 -0.0256435 0.00326972 -0.999666 -1.36533 0.999445 -0.0212056 -0.0257071 74.7996
-0.0219445 -0.999754 -0.00323905 -2.64287 -0.0280288 0.00385378 -0.9996 -1.38886 0.999366 -0.0218449 -0.0281065 75.8681
-0.0224915 -0.999733 -0.00532901 -2.68221 -0.0264098 0.00592264 -0.999634 -1.42035 0.999398 -0.0223425 -0.026536 76.9318
-0.0230821 -0.999713 -0.00636428 -2.72023 -0.0222993 0.00687924 -0.999728 -1.45363 0.999485 -0.0229339 -0.0224517 78.0006
-0.023695 -0.999688 -0.00792832 -2.75905 -0.0180724 0.00835758 -0.999802 -1.48476 0.999556 -0.023547 -0.0182648 79.0644
-0.0241104 -0.999668 -0.00906276 -2.79594 -0.0169622 0.00947316 -0.999811 -1.50575 0.999565 -0.0239521 -0.0171849 80.1244
-0.0246533 -0.999657 -0.0088541 -2.83223 -0.0192709 0.00933036 -0.999771 -1.52175 0.99951 -0.024477 -0.0194943 81.1792
-0.0252851 -0.999643 -0.00860213 -2.86769 -0.0203253 0.00911718 -0.999752 -1.54147 0.999474 -0.025104 -0.0205486 82.226
-0.0257712 -0.999634 -0.00826402 -2.90318 -0.0200911 0.00878303 -0.99976 -1.5592 0.999466 -0.025599 -0.0203101 83.2644
-0.0264646 -0.999625 -0.00698206 -2.93684 -0.019881 0.00750945 -0.999774 -1.57885 0.999452 -0.0263199 -0.0200723 84.2887
-0.0270823 -0.999618 -0.00556203 -2.97146 -0.0183221 0.00605952 -0.999814 -1.59824 0.999465 -0.0269753 -0.0184792 85.2985
-0.0275334 -0.999604 -0.00576374 -3.00861 -0.0157191 0.00619817 -0.999857 -1.61888 0.999497 -0.0274388 -0.0158836 86.291
-0.0284849 -0.999582 -0.00500292 -3.04524 -0.014356 0.00541353 -0.999882 -1.63966 0.999491 -0.0284097 -0.0145042 87.2618
-0.0304938 -0.999527 -0.00395374 -3.08451 -0.0143078 0.00439168 -0.999888 -1.66226 0.999433 -0.0304339 -0.014435 88.2129
-0.0337566 -0.999425 -0.00303514 -3.12214 -0.0148674 0.00353869 -0.999883 -1.68382 0.99932 -0.0337075 -0.0149783 89.1407
-0.0372063 -0.999303 -0.00302264 -3.1636 -0.0157368 0.00361027 -0.99987 -1.70458 0.999184 -0.0371539 -0.0158602 90.0434
-0.0402976 -0.999184 -0.0026141 -3.20481 -0.0158885 0.00325668 -0.999869 -1.7256 0.999061 -0.0402507 -0.0160068 90.9255
-0.0434743 -0.999048 -0.00363008 -3.25292 -0.0143168 0.00425614 -0.999888 -1.75483 0.998952 -0.0434175 -0.0144882 91.7833
-0.0465201 -0.998907 -0.0046132 -3.30077 -0.0133803 0.00524091 -0.999897 -1.77749 0.998828 -0.0464536 -0.0136095 92.6189
-0.0494614 -0.998761 -0.00553077 -3.35328 -0.0118021 0.00612161 -0.999912 -1.80023 0.998706 -0.0493917 -0.0120903 93.4294
-0.0522039 -0.998612 -0.00699911 -3.40498 -0.0109194 0.00757904 -0.999912 -1.81723 0.998577 -0.0521228 -0.0112999 94.2121
-0.0546497 -0.998464 -0.00907496 -3.46189 -0.0103041 0.009652 -0.9999 -1.83772 0.998452 -0.0545507 -0.0108157 94.9687
-0.0573869 -0.998292 -0.0109338 -3.51776 -0.0112349 0.0115969 -0.99987 -1.85753 0.998289 -0.0572566 -0.0118813 95.6928
-0.0599942 -0.998123 -0.0122766 -3.5727 -0.0146325 0.0131768 -0.999806 -1.87517 0.998092 -0.059803 -0.0153955 96.3884
-0.062518 -0.997938 -0.0145339 -3.62691 -0.0184994 0.0157186 -0.999705 -1.88857 0.997872 -0.0622307 -0.0194439 97.0514
-0.0647659 -0.997764 -0.0165133 -3.67908 -0.021187 0.0179192 -0.999615 -1.90701 0.997676 -0.0643911 -0.0223001 97.6865
-0.0657979 -0.997669 -0.0181061 -3.72945 -0.0224004 0.0196177 -0.999557 -1.92917 0.997582 -0.0653632 -0.023639 98.2908
-0.0650261 -0.99767 -0.0206585 -3.78076 -0.0218654 0.0221219 -0.999516 -1.9522 0.997644 -0.064543 -0.0232529 98.8739
-0.0623221 -0.997758 -0.0244057 -3.8315 -0.0201715 0.0257074 -0.999466 -1.97736 0.997852 -0.0617965 -0.0217284 99.4373
-0.0570058 -0.997999 -0.0273467 -3.87695 -0.0185408 0.0284448 -0.999423 -2.00006 0.998202 -0.0564659 -0.0201252 99.9787
-0.049844 -0.998356 -0.0283108 -3.9149 -0.0167763 0.0291789 -0.999433 -2.02098 0.998616 -0.0493408 -0.0182031 100.5
-0.0403227 -0.998785 -0.0283276 -3.94583 -0.0143123 0.0289251 -0.999479 -2.04002 0.999084 -0.0398962 -0.0154612 101.001
-0.0286636 -0.999194 -0.0281062 -3.97329 -0.0129154 0.0284857 -0.999511 -2.06381 0.999506 -0.0282865 -0.0137214 101.483
-0.0153298 -0.999502 -0.0275751 -3.99361 -0.012797 0.0277722 -0.999532 -2.08448 0.999801 -0.0149698 -0.0132163 101.944
-0.00038698 -0.99962 -0.0275523 -4.0064 -0.0135098 0.027555 -0.999529 -2.10669 0.999909 -1.45705e-05 -0.0135153 102.388
0.0173676 -0.999499 -0.026457 -4.01062 -0.0163257 0.026174 -0.999524 -2.12291 0.999716 0.0177912 -0.015863 102.824
0.0382593 -0.998926 -0.0261393 -4.00745 -0.0208473 0.0253549 -0.999461 -2.14116 0.99905 0.0387836 -0.0198549 103.255
0.0623123 -0.997757 -0.0244639 -3.9927 -0.0257502 0.0228962 -0.999406 -2.15467 0.997725 0.0629053 -0.0242657 103.677
0.0893509 -0.995744 -0.022596 -3.96698 -0.0284964 0.0201217 -0.999391 -2.17647 0.995593 0.0899404 -0.0265772 104.099
0.118984 -0.992686 -0.0204309 -3.92975 -0.0297395 0.0170047 -0.999413 -2.19327 0.992451 0.119522 -0.0274987 104.509
0.15113 -0.98834 -0.0185151 -3.87961 -0.0313398 0.0139302 -0.999412 -2.21383 0.988017 0.151621 -0.0288691 104.92
0.186442 -0.982328 -0.016442 -3.8166 -0.0331196 0.0104418 -0.999397 -2.23382 0.981908 0.186874 -0.0305876 105.319
0.224639 -0.974347 -0.0136336 -3.73842 -0.0335173 0.00625685 -0.999418 -2.25879 0.973866 0.224965 -0.031252 105.721
0.264422 -0.964336 -0.0117332 -3.6459 -0.0341895 0.00278515 -0.999411 -2.27772 0.963801 0.264668 -0.0322337 106.106
0.305639 -0.952061 -0.0127901 -3.542 -0.0351567 0.00213943 -0.999379 -2.29714 0.951498 0.305899 -0.0328174 106.495
0.34944 -0.936828 -0.0156324 -3.42475 -0.0355531 0.00341448 -0.999362 -2.31137 0.936284 0.349772 -0.032114 106.878
0.393881 -0.91902 -0.0161469 -3.28908 -0.03459 0.00273423 -0.999398 -2.32784 0.91851 0.394202 -0.0307119 107.244
0.437848 -0.898907 -0.0159566 -3.13327 -0.0332908 0.00152561 -0.999445 -2.34317 0.898432 0.438137 -0.0292574 107.609
0.482237 -0.875909 -0.0151927 -2.96234 -0.0334337 -0.00107179 -0.99944 -2.35818 0.875403 0.482475 -0.0298017 107.952
0.525146 -0.850862 -0.0160003 -2.77551 -0.0351903 -0.00292612 -0.999376 -2.37183 0.850284 0.525382 -0.0314787 108.294
0.567042 -0.823486 -0.0182873 -2.57485 -0.0380403 -0.00400312 -0.999268 -2.38409 0.82281 0.567322 -0.0335956 108.614
0.608667 -0.793081 -0.023366 -2.35883 -0.0421123 -0.00288395 -0.999109 -2.39113 0.792307 0.609109 -0.0351538 108.943
0.649773 -0.759545 -0.0297839 -2.12539 -0.046037 -0.000212337 -0.99894 -2.39371 0.758733 0.650455 -0.0351052 109.252
0.690444 -0.722527 -0.0352399 -1.87214 -0.0485658 0.00230611 -0.998817 -2.39618 0.721754 0.691339 -0.0334979 109.568
0.72925 -0.683284 -0.0362906 -1.59854 -0.0492186 0.000517919 -0.998788 -2.40985 0.682474 0.730152 -0.0332526 109.868
0.765407 -0.642648 -0.0340136 -1.30337 -0.0478663 -0.0041435 -0.998845 -2.42665 0.641765 0.766151 -0.0339326 110.133
0.800311 -0.598715 -0.0322996 -0.987743 -0.0443404 -0.00537592 -0.999002 -2.44079 0.597944 0.800944 -0.0308496 110.406
0.832933 -0.552501 -0.0310722 -0.65564 -0.0415831 -0.00649997 -0.999114 -2.45327 0.55181 0.833487 -0.0283887 110.647
0.862708 -0.504864 -0.0291285 -0.305643 -0.0384415 -0.00803721 -0.999229 -2.47009 0.50424 0.863162 -0.0263414 110.886
0.890465 -0.45437 -0.0248953 0.0625176 -0.0334858 -0.0108679 -0.99938 -2.48848 0.453818 0.890747 -0.0248924 111.09
0.914971 -0.402748 -0.0249418 0.443605 -0.0309782 -0.00847985 -0.999484 -2.50233 0.402329 0.915272 -0.0202352 111.296
0.935668 -0.351654 -0.0294037 0.838409 -0.0332406 -0.00487714 -0.999435 -2.50805 0.351312 0.936117 -0.0162526 111.484
0.952971 -0.301021 -0.0350994 1.24628 -0.0381875 -0.00437902 -0.999261 -2.51004 0.300645 0.953608 -0.0156683 111.636
0.96647 -0.254035 -0.0374563 1.67181 -0.0402201 -0.00569273 -0.999175 -2.51916 0.253612 0.967178 -0.0157192 111.779
0.976551 -0.212062 -0.0371198 2.11094 -0.0406302 -0.0122184 -0.999099 -2.53597 0.211417 0.97718 -0.020548 111.888
0.983633 -0.176394 -0.0367627 2.56526 -0.0409973 -0.0204212 -0.998951 -2.55365 0.175459 0.984108 -0.0273186 111.981
0.988612 -0.145465 -0.0385463 3.02889 -0.0427259 -0.0257172 -0.998756 -2.56656 0.144293 0.989029 -0.0316394 112.058
0.992449 -0.116958 -0.0369658 3.51102 -0.0400459 -0.0240947 -0.998907 -2.58486 0.11594 0.992845 -0.0285964 112.136
0.995294 -0.0910106 -0.0332668 4.01082 -0.0349913 -0.0174188 -0.999236 -2.59962 0.0903616 0.995698 -0.0205214 112.207
0.997331 -0.0666593 -0.029801 4.52679 -0.030687 -0.0123074 -0.999453 -2.61451 0.0662561 0.9977 -0.0143202 112.262
0.998691 -0.0436557 -0.0266366 5.06357 -0.0273446 -0.0157014 -0.999503 -2.63704 0.0432157 0.998923 -0.0168746 112.299
0.999373 -0.02317 -0.0267589 5.61513 -0.0272959 -0.0231803 -0.999359 -2.65825 0.0225349 0.999463 -0.0237982 112.315
0.999572 -0.00498236 -0.0288254 6.18406 -0.0289561 -0.028523 -0.999174 -2.6742 0.00415606 0.999581 -0.028655 112.318
0.99936 0.00953431 -0.0344886 6.77056 -0.0341868 -0.0301893 -0.998959 -2.67505 -0.0105656 0.999499 -0.029844 112.325
0.998995 0.0212169 -0.0394755 7.37405 -0.0388923 -0.0272325 -0.998872 -2.67475 -0.022268 0.999404 -0.02638 112.329
0.998803 0.0279679 -0.0401238 7.99802 -0.0392987 -0.0294521 -0.998793 -2.68654 -0.0291159 0.999175 -0.0283177 112.317
0.998874 0.0308958 -0.0359904 8.642 -0.034899 -0.035167 -0.998772 -2.70908 -0.0321236 0.998904 -0.0340492 112.292
0.998916 0.0307675 -0.0349368 9.29849 -0.033765 -0.0378133 -0.998714 -2.72631 -0.032049 0.998811 -0.0367334 112.271
0.998996 0.0291079 -0.0340646 9.97322 -0.0329721 -0.0372241 -0.998763 -2.74035 -0.0303399 0.998883 -0.036227 112.255
0.999039 0.0277267 -0.0339407 10.6608 -0.0330275 -0.0327552 -0.998918 -2.75244 -0.0288085 0.999079 -0.0318079 112.246
0.999002 0.0266492 -0.0358381 11.3705 -0.0349698 -0.0323644 -0.998864 -2.76122 -0.0277788 0.999121 -0.0314002 112.23
0.999002 0.0259188 -0.0363854 12.093 -0.035555 -0.0318107 -0.998861 -2.77349 -0.0270468 0.999158 -0.0308574 112.214
0.999029 0.0253898 -0.0360002 12.8311 -0.0351911 -0.0316231 -0.99888 -2.79062 -0.0264998 0.999177 -0.0306989 112.197
0.999096 0.0247344 -0.0345885 13.5862 -0.0338361 -0.0302179 -0.99897 -2.81259 -0.0257541 0.999237 -0.0293537 112.187
0.999154 0.0241878 -0.0332586 14.3509 -0.0325012 -0.0310616 -0.998989 -2.83718 -0.0251964 0.999225 -0.0302492 112.174
0.99921 0.0247812 -0.0310727 15.1278 -0.0302758 -0.031909 -0.999032 -2.86318 -0.0257487 0.999183 -0.0311335 112.16
0.999223 0.0261333 -0.0295127 15.9087 -0.0287315 -0.0297836 -0.999143 -2.88595 -0.0269899 0.999215 -0.0290096 112.146
0.999208 0.0277737 -0.0284991 16.6963 -0.0277161 -0.0281805 -0.999219 -2.90537 -0.0285551 0.999217 -0.0273884 112.129
0.999238 0.0291967 -0.0259131 17.4947 -0.0250237 -0.0304274 -0.999224 -2.926 -0.0299625 0.99911 -0.0296736 112.107
0.999228 0.0304447 -0.0248381 18.3015 -0.0238223 -0.0332851 -0.999162 -2.94685 -0.031246 0.998982 -0.0325341 112.083
0.999218 0.0325036 -0.0225412 19.1191 -0.0216047 -0.0288827 -0.999349 -2.96607 -0.0331335 0.999054 -0.0281579 112.065
0.999065 0.0333927 -0.0274765 19.9389 -0.0266027 -0.0263378 -0.999299 -2.97674 -0.034093 0.999095 -0.0254249 112.048
0.998888 0.0340232 -0.0326284 20.7628 -0.0316874 -0.0278421 -0.99911 -2.99093 -0.0349014 0.999033 -0.026733 112.029
0.998801 0.0347536 -0.0344701 21.5948 -0.0334834 -0.0285847 -0.99903 -3.01191 -0.0357052 0.998987 -0.0273867 112.011
0.998834 0.0358165 -0.0323744 22.4335 -0.0314886 -0.025025 -0.999191 -3.03627 -0.0365977 0.999045 -0.023868 111.999
0.998932 0.036583 -0.0282437 23.2744 -0.0274556 -0.0218681 -0.999384 -3.0662 -0.0371781 0.999091 -0.0208403 111.989
0.99908 0.0365257 -0.022461 24.1166 -0.0217363 -0.0201194 -0.999561 -3.09507 -0.0369616 0.99913 -0.019307 111.972
0.999191 0.0364436 -0.0169985 24.9603 -0.0163921 -0.0168758 -0.999723 -3.11828 -0.0367203 0.999193 -0.0162647 111.959
0.999217 0.0363289 -0.015663 25.798 -0.0151704 -0.0137955 -0.99979 -3.1391 -0.0365374 0.999245 -0.0132336 111.945
0.999156 0.0353633 -0.0209195 26.6296 -0.0203556 -0.0162336 -0.999661 -3.16064 -0.0356909 0.999243 -0.0155001 111.925
0.998879 0.0342127 -0.0327037 27.453 -0.0320691 -0.0189349 -0.999306 -3.17201 -0.0348082 0.999235 -0.0178165 111.9
0.998651 0.0336358 -0.0395693 28.2772 -0.0388684 -0.0212429 -0.999018 -3.19148 -0.0344434 0.999208 -0.0199069 111.877
0.998909 0.0323386 -0.0336923 29.1059 -0.032977 -0.0224033 -0.999205 -3.22898 -0.0330678 0.999226 -0.0213124 111.853
0.999195 0.0310822 -0.0253856 29.9336 -0.024613 -0.0249932 -0.999385 -3.27015 -0.0316975 0.999204 -0.024208 111.829
0.99928 0.0304835 -0.0225931 30.7538 -0.0217826 -0.0266607 -0.999407 -3.30037 -0.0310677 0.99918 -0.0259774 111.805
0.999268 0.0304471 -0.0231699 31.5669 -0.0223874 -0.0257923 -0.999417 -3.32262 -0.031027 0.999204 -0.0250917 111.787
0.999226 0.0311727 -0.0239813 32.38 -0.0232749 -0.022828 -0.999468 -3.34258 -0.0317036 0.999253 -0.0220848 111.77
0.999156 0.0330752 -0.0243706 33.1877 -0.0236871 -0.0209011 -0.999501 -3.36266 -0.0335681 0.999234 -0.0200999 111.753
0.999103 0.0350343 -0.0238076 33.9934 -0.0231097 -0.0201916 -0.999529 -3.38659 -0.0354986 0.999182 -0.0193638 111.733
0.999007 0.0371461 -0.0245841 34.7952 -0.0238721 -0.0194919 -0.999525 -3.4108 -0.0376077 0.99912 -0.0185857 111.713
0.998924 0.039195 -0.0248069 35.5932 -0.0241304 -0.0176405 -0.999553 -3.43233 -0.039615 0.999076 -0.0166757 111.695
0.998859 0.0412497 -0.02407 36.3894 -0.0234451 -0.0155653 -0.999604 -3.45233 -0.041608 0.999028 -0.0145805 111.676
0.998809 0.0432875 -0.0225067 37.181 -0.0218314 -0.0160101 -0.999633 -3.48058 -0.043632 0.998934 -0.015046 111.654
0.998727 0.0452752 -0.0222551 37.9656 -0.0215621 -0.0157383 -0.999644 -3.50562 -0.0456093 0.998851 -0.014742 111.629
0.998616 0.0471014 -0.0234224 38.7483 -0.0227152 -0.015494 -0.999622 -3.52871 -0.0474465 0.99877 -0.0144027 111.602
0.998548 0.0480936 -0.0242859 39.5206 -0.0235372 -0.0160738 -0.999594 -3.55067 -0.0484645 0.998713 -0.0149185 111.57
0.99852 0.0493093 -0.022966 40.294 -0.0220983 -0.0180705 -0.999592 -3.57745 -0.0497043 0.99862 -0.0169541 111.535
0.99847 0.0507065 -0.0220433 41.0626 -0.0211442 -0.0182003 -0.999611 -3.60422 -0.0510879 0.998548 -0.0171003 111.501
0.998416 0.052086 -0.0212895 41.8238 -0.0204194 -0.0171803 -0.999644 -3.62915 -0.0524332 0.998495 -0.0160895 111.47
0.998365 0.0534806 -0.0201918 42.5743 -0.0193966 -0.0153463 -0.999694 -3.65185 -0.0537741 0.998451 -0.0142838 111.441
0.998332 0.0543938 -0.0193509 43.3082 -0.0186068 -0.0141546 -0.999727 -3.67071 -0.0546528 0.998419 -0.0131189 111.411
0.998299 0.0552505 -0.0186111 44.0235 -0.0178486 -0.0142635 -0.999739 -3.69125 -0.0555016 0.998371 -0.013253 111.381
0.998235 0.0555863 -0.0209282 44.7294 -0.0201527 -0.0144743 -0.999692 -3.71002 -0.0558721 0.998349 -0.0133285 111.351
0.99816 0.0556747 -0.0240253 45.4308 -0.0232358 -0.014785 -0.999621 -3.72893 -0.0560088 0.998339 -0.0134641 111.32
0.99811 0.0558712 -0.0255909 46.1287 -0.0249066 -0.0129108 -0.999606 -3.74703 -0.0561796 0.998354 -0.0114948 111.291
0.998075 0.0560917 -0.0264651 46.8238 -0.0257624 -0.0132141 -0.999581 -3.76887 -0.0564179 0.998338 -0.0117436 111.261
0.998074 0.0561609 -0.026349 47.5183 -0.0255786 -0.0143924 -0.999569 -3.7911 -0.056516 0.998318 -0.0129281 111.228
0.998083 0.0564401 -0.0254 48.2066 -0.0245671 -0.0154017 -0.999579 -3.8123 -0.0568076 0.998287 -0.0139856 111.196
0.998045 0.0568354 -0.0259922 48.8927 -0.0253684 -0.0116703 -0.99961 -3.82757 -0.0571165 0.998315 -0.0102057 111.169
0.998056 0.0567936 -0.0256862 49.5767 -0.025228 -0.00877125 -0.999643 -3.84592 -0.0569986 0.998347 -0.0073214 111.142
0.998099 0.0566552 -0.0242747 50.2514 -0.0237091 -0.0106329 -0.999662 -3.86648 -0.0568942 0.998337 -0.00926944 111.109
0.998057 0.0575555 -0.0238878 50.9249 -0.0232745 -0.0113041 -0.999665 -3.88441 -0.0578062 0.998278 -0.00994257 111.075
0.997874 0.0608352 -0.0233665 51.5971 -0.0228954 -0.00842971 -0.999702 -3.90166 -0.0610141 0.998112 -0.00701894 111.047
0.997552 0.0660733 -0.0229177 52.2672 -0.0226833 -0.00429532 -0.999733 -3.9187 -0.0661542 0.997806 -0.00278603 111.02
0.997069 0.071899 -0.0261647 52.933 -0.0257035 -0.00733137 -0.999643 -3.93455 -0.0720652 0.997385 -0.00546182 110.979
0.996494 0.0782774 -0.0295218 53.6007 -0.0288171 -0.0101175 -0.999533 -3.94982 -0.0785396 0.99688 -0.00782631 110.931
0.995834 0.0857217 -0.0310814 54.2771 -0.0303967 -0.00928158 -0.999495 -3.96604 -0.0859669 0.996276 -0.00663725 110.885
0.995294 0.0920528 -0.0302768 54.9547 -0.02987 -0.00579432 -0.999537 -3.98376 -0.0921856 0.995737 -0.00301744 110.837
0.99481 0.0974665 -0.0292081 55.6358 -0.0289136 -0.00443355 -0.999572 -4.00702 -0.0975543 0.995229 -0.00159243 110.779
0.994347 0.101962 -0.029631 56.3195 -0.029497 -0.00282296 -0.999561 -4.02733 -0.102001 0.994784 0.00020057 110.716
0.993956 0.105941 -0.0287786 57.0109 -0.0289089 -0.00030604 -0.999582 -4.04459 -0.105905 0.994372 0.00275844 110.652
0.993723 0.108735 -0.0262802 57.7096 -0.0263544 -0.000754111 -0.999652 -4.06598 -0.108717 0.99407 0.00211628 110.583
0.993616 0.110465 -0.0229054 58.4196 -0.0227686 -0.00249969 -0.999738 -4.08954 -0.110493 0.993877 3.13964e-05 110.508
0.993503 0.112267 -0.0186622 59.144 -0.0186134 -0.00148379 -0.999826 -4.10992 -0.112275 0.993677 0.000615522 110.437
0.99332 0.11377 -0.0192962 59.8712 -0.0192887 -0.00116679 -0.999813 -4.12279 -0.113771 0.993506 0.00103549 110.365
0.993171 0.114503 -0.0223769 60.6012 -0.0222256 -0.00259814 -0.99975 -4.13418 -0.114533 0.993419 -3.54904e-05 110.288
0.993044 0.114694 -0.0266263 61.3354 -0.0258561 -0.00819807 -0.999632 -4.15073 -0.11487 0.993367 -0.00517549 110.203
0.992856 0.115265 -0.0308458 62.0777 -0.0292134 -0.0158247 -0.999448 -4.17107 -0.11569 0.993209 -0.0123443 110.115
0.992694 0.115983 -0.0332631 62.8237 -0.0314594 -0.0173481 -0.999354 -4.18826 -0.116485 0.9931 -0.0135726 110.033
0.992704 0.116566 -0.0308421 63.5724 -0.0292662 -0.0152067 -0.999456 -4.20926 -0.116971 0.993067 -0.0116843 109.956
0.99289 0.116377 -0.025024 64.3227 -0.0235208 -0.0142724 -0.999621 -4.23759 -0.11669 0.993103 -0.0114337 109.876
0.992912 0.116477 -0.023649 65.0665 -0.0218124 -0.0170181 -0.999617 -4.3219 -0.116835 0.993048 -0.0143568 109.8
0.992808 0.117472 -0.0230728 65.8135 -0.0211873 -0.0172746 -0.999626 -4.45168 -0.117827 0.992926 -0.0146614 109.734
0.992584 0.11924 -0.0236546 66.5557 -0.0219187 -0.015849 -0.999634 -4.5306 -0.119571 0.992739 -0.0131178 109.665
0.992279 0.121523 -0.0247785 67.2976 -0.023073 -0.0154223 -0.999615 -4.62393 -0.121858 0.992469 -0.0124993 109.595
0.992018 0.12369 -0.0245331 68.0388 -0.0227103 -0.0161253 -0.999612 -4.68686 -0.124038 0.99219 -0.0131875 109.516
0.991785 0.12551 -0.0246799 68.7859 -0.0227337 -0.0169153 -0.999598 -4.76075 -0.125878 0.991948 -0.013923 109.434
0.991526 0.127595 -0.0243969 69.537 -0.0224709 -0.0165132 -0.999611 -4.81337 -0.127948 0.991689 -0.0135061 109.352
0.991296 0.129329 -0.0246341 70.2935 -0.0229974 -0.0141342 -0.999636 -4.86413 -0.12963 0.991501 -0.0110369 109.27
0.991099 0.130565 -0.0259878 71.0487 -0.0243004 -0.0145007 -0.999599 -4.90689 -0.13089 0.991334 -0.0111988 109.184
0.991001 0.131301 -0.0260192 71.8086 -0.024535 -0.0129094 -0.999616 -4.95069 -0.131587 0.991259 -0.00957181 109.1
0.990798 0.132713 -0.0265722 72.5748 -0.0250794 -0.0129078 -0.999602 -4.98605 -0.133003 0.991071 -0.00946071 109.014
0.990704 0.133729 -0.0249647 73.3467 -0.0233933 -0.0133091 -0.999638 -5.02609 -0.134013 0.990929 -0.010057 108.925
0.990601 0.134853 -0.0229076 74.1223 -0.0216016 -0.0111404 -0.999705 -5.05975 -0.135068 0.990803 -0.00812263 108.833
0.990416 0.136551 -0.0207243 74.9042 -0.0198131 -0.00802877 -0.999771 -5.0895 -0.136686 0.990601 -0.00524632 108.743
0.990153 0.13857 -0.019904 75.6906 -0.0188684 -0.00878301 -0.999783 -5.12207 -0.138715 0.990314 -0.00608193 108.647
0.989889 0.140374 -0.0203633 76.4832 -0.0191322 -0.0101145 -0.999766 -5.14697 -0.140547 0.990047 -0.00732655 108.547
0.989552 0.142596 -0.0212923 77.2807 -0.020138 -0.00953373 -0.999752 -5.16521 -0.142764 0.989735 -0.00656251 108.449
0.989224 0.144268 -0.0249551 78.0805 -0.0237092 -0.0103489 -0.999665 -5.18374 -0.144479 0.989484 -0.0068169 108.346
0.989074 0.144504 -0.029182 78.8841 -0.0276081 -0.0128855 -0.999536 -5.20635 -0.144813 0.98942 -0.00875521 108.237
0.988785 0.145674 -0.0329152 79.6937 -0.0311673 -0.0142655 -0.999412 -5.2268 -0.146058 0.98923 -0.00956519 108.129
0.988792 0.145416 -0.0338301 80.5116 -0.0318661 -0.0158144 -0.999367 -5.25316 -0.145859 0.989244 -0.0110033 108.019
0.988873 0.144938 -0.0335288 81.3345 -0.0309631 -0.0199229 -0.999322 -5.28487 -0.145507 0.98924 -0.0152135 107.904
0.988966 0.144722 -0.0316654 82.1647 -0.0290384 -0.0202293 -0.999374 -5.31492 -0.145272 0.989266 -0.0158035 107.794
0.989111 0.144041 -0.0302099 82.998 -0.0276425 -0.0197925 -0.999422 -5.33849 -0.144556 0.989374 -0.0155953 107.686
0.989426 0.142316 -0.0279736 83.8345 -0.0255992 -0.0184883 -0.999501 -5.36328 -0.142762 0.989649 -0.0146496 107.578
0.989761 0.140612 -0.0245442 84.6804 -0.0220557 -0.019229 -0.999572 -5.38873 -0.141024 0.989878 -0.0159308 107.466
0.99009 0.138825 -0.0211839 85.5268 -0.018638 -0.0196133 -0.999634 -5.41287 -0.13919 0.990123 -0.0168315 107.356
0.990348 0.137094 -0.0204225 86.3745 -0.0181231 -0.018 -0.999674 -5.43679 -0.137417 0.990394 -0.0153417 107.249
0.990451 0.135709 -0.0242729 87.221 -0.0219022 -0.0189352 -0.999581 -5.46145 -0.136112 0.990568 -0.015782 107.142
0.990561 0.133608 -0.030615 88.0684 -0.0282863 -0.0192938 -0.999414 -5.47933 -0.134121 0.990846 -0.0153324 107.036
0.990655 0.132037 -0.034179 88.9196 -0.0320712 -0.0180586 -0.999322 -5.49907 -0.132565 0.99108 -0.0136553 106.936
0.990952 0.130302 -0.0321647 89.7787 -0.0303109 -0.0161853 -0.999409 -5.53106 -0.130746 0.991342 -0.0120893 106.835
0.991159 0.129422 -0.0292221 90.6423 -0.0273133 -0.0164999 -0.999491 -5.56568 -0.129838 0.991452 -0.0128191 106.732
0.991289 0.128786 -0.0275737 91.507 -0.0255654 -0.0172217 -0.999525 -5.59539 -0.1292 0.991523 -0.0137792 106.629
0.991379 0.128073 -0.027649 92.3661 -0.0256417 -0.0172956 -0.999522 -5.62194 -0.12849 0.991614 -0.0138625 106.528
0.991448 0.12765 -0.0271446 93.2296 -0.0252941 -0.0160958 -0.99955 -5.64838 -0.128029 0.991689 -0.0127294 106.428
0.991574 0.126872 -0.0261646 94.0919 -0.0239795 -0.0187197 -0.999537 -5.67746 -0.127303 0.991742 -0.0155196 106.325
0.991756 0.125766 -0.0245425 94.9524 -0.0220875 -0.0208781 -0.999538 -5.70688 -0.12622 0.99184 -0.0179282 106.22
0.991818 0.12496 -0.0261222 95.8065 -0.0233363 -0.0237064 -0.999447 -5.73255 -0.12551 0.991878 -0.0205963 106.119
0.991839 0.124231 -0.0286902 96.6615 -0.0258577 -0.0243531 -0.999369 -5.75649 -0.124852 0.991954 -0.020942 106.017
0.991914 0.123395 -0.0296593 97.514 -0.0272096 -0.0214911 -0.999399 -5.77794 -0.123958 0.992125 -0.0179599 105.92
0.992045 0.123109 -0.0262869 98.3659 -0.0244064 -0.0167587 -0.999562 -5.80545 -0.123495 0.992252 -0.0136207 105.827
0.992123 0.123143 -0.0229712 99.215 -0.021708 -0.0115905 -0.999697 -5.83368 -0.123372 0.992321 -0.00882601 105.735
0.991972 0.124289 -0.0233177 100.057 -0.022465 -0.00825841 -0.999713 -5.8574 -0.124446 0.992212 -0.00539996 105.644
0.991679 0.125661 -0.0279537 100.895 -0.0275417 -0.0050146 -0.999608 -5.87467 -0.125752 0.99206 -0.00151193 105.554
0.9915 0.126413 -0.0307866 101.726 -0.030519 -0.00405343 -0.999526 -5.89615 -0.126478 0.991969 -0.000160961 105.46
0.991425 0.126901 -0.0311931 102.555 -0.0308125 -0.0049612 -0.999513 -5.9263 -0.126994 0.991903 -0.00100852 105.363
0.991397 0.127348 -0.0302507 103.38 -0.0297136 -0.00611549 -0.99954 -5.96037 -0.127474 0.991839 -0.0022789 105.265
0.991303 0.127931 -0.0308524 104.198 -0.0301787 -0.00720111 -0.999519 -5.99195 -0.128092 0.991757 -0.00327769 105.167
0.991145 0.128435 -0.0337171 105.012 -0.0328909 -0.00854951 -0.999422 -6.02173 -0.128649 0.991681 -0.00424945 105.069
0.991004 0.129057 -0.0354455 105.82 -0.0346673 -0.00827272 -0.999365 -6.052 -0.129269 0.991603 -0.00372422 104.973
0.990848 0.130236 -0.0354852 106.626 -0.0349249 -0.00658499 -0.999368 -6.08168 -0.130388 0.991461 -0.00197623 104.879
0.990589 0.132388 -0.0347361 107.427 -0.0343992 -0.0048312 -0.999397 -6.11456 -0.132476 0.991186 -0.000231702 104.785
0.990155 0.135539 -0.034972 108.22 -0.0347008 -0.00436406 -0.999388 -6.14742 -0.135608 0.990762 0.000382205 104.689
0.989612 0.13866 -0.0379792 109.009 -0.0377756 -0.00410042 -0.999278 -6.17563 -0.138716 0.990332 0.00118017 104.592
0.989058 0.142157 -0.0394488 109.793 -0.0394285 -0.00296098 -0.999218 -6.20441 -0.142163 0.98984 0.00267647 104.494
0.988605 0.14531 -0.0393038 110.574 -0.0393355 -0.00265587 -0.999223 -6.23711 -0.145301 0.989383 0.00309024 104.393
0.988242 0.148197 -0.0376196 111.349 -0.0374638 -0.00384384 -0.999291 -6.27226 -0.148236 0.98895 0.00175337 104.29
0.987827 0.150731 -0.0384516 112.122 -0.0380354 -0.00564399 -0.99926 -6.30374 -0.150837 0.988559 0.00015784 104.183
0.987321 0.152841 -0.0428492 112.889 -0.0431708 -0.00121517 -0.999067 -6.33117 -0.15275 0.98825 0.00539849 104.082
0.986745 0.154737 -0.0489067 113.651 -0.0497686 0.00169889 -0.998759 -6.36059 -0.154462 0.987954 0.00937741 103.978
0.986115 0.157284 -0.053291 114.412 -0.0535642 -0.00250475 -0.998561 -6.39436 -0.157192 0.98755 0.00595484 103.864
0.985791 0.159931 -0.0513666 115.174 -0.0512625 -0.00477989 -0.998674 -6.43236 -0.159964 0.987117 0.00348647 103.747
0.985604 0.163451 -0.0432317 115.941 -0.0432673 -0.00334396 -0.999058 -6.48002 -0.163442 0.986546 0.00377627 103.634
0.985348 0.165706 -0.0403977 116.699 -0.0406742 -0.00172608 -0.999171 -6.52115 -0.165638 0.986174 0.00503917 103.519
0.984919 0.16727 -0.044226 117.448 -0.0445533 -0.00179766 -0.999005 -6.55282 -0.167184 0.985909 0.00568189 103.398
0.984333 0.169914 -0.0470928 118.197 -0.0479286 0.000818716 -0.99885 -6.57905 -0.16968 0.985459 0.00894962 103.283
0.983756 0.172504 -0.0496675 118.942 -0.0507163 0.00167472 -0.998712 -6.61184 -0.172198 0.985007 0.0103963 103.169
0.983222 0.174472 -0.0532428 119.684 -0.0537515 -0.00181187 -0.998553 -6.6498 -0.174316 0.98466 0.00759667 103.047
0.982637 0.176282 -0.0578778 120.421 -0.0583274 -0.00263477 -0.998294 -6.68435 -0.176134 0.984336 0.00769306 102.926
0.981906 0.179371 -0.0607102 121.159 -0.0613769 -0.00183602 -0.998113 -6.71804 -0.179144 0.98378 0.00920646 102.81
0.981663 0.18155 -0.058111 121.894 -0.0586955 -0.0021562 -0.998273 -6.76349 -0.181361 0.983379 0.00853948 102.684
0.981158 0.185417 -0.0543058 122.631 -0.0541128 -0.00610546 -0.998516 -6.81388 -0.185473 0.982641 0.00404299 102.552
0.9802 0.19083 -0.0528355 123.361 -0.0521305 -0.00871637 -0.998602 -6.85956 -0.191024 0.981584 0.00140426 102.419
0.979042 0.196994 -0.0516736 124.091 -0.0511771 -0.00761357 -0.998661 -6.90097 -0.197124 0.980375 0.0026276 102.286
0.977364 0.205245 -0.0513203 124.816 -0.0511094 -0.0063328 -0.998673 -6.93909 -0.205298 0.97869 0.00430051 102.15
0.975107 0.215613 -0.0517519 125.539 -0.0517971 -0.00544481 -0.998643 -6.97715 -0.215602 0.976464 0.00585886 102.008
0.972372 0.227378 -0.0528384 126.259 -0.0528335 -0.00611251 -0.998585 -7.01524 -0.227379 0.973787 0.00606953 101.855
0.969397 0.23967 -0.0531751 126.977 -0.053097 -0.00678745 -0.998566 -7.05374 -0.239687 0.970831 0.00614604 101.695
0.966414 0.251372 -0.053449 127.691 -0.0527114 -0.00967178 -0.998563 -7.09391 -0.251528 0.967842 0.00390323 101.522
0.963478 0.262417 -0.0533674 128.4 -0.0518111 -0.0128516 -0.998574 -7.13475 -0.262729 0.964869 0.00121388 101.341
0.960652 0.272587 -0.0533215 129.104 -0.0506397 -0.0168693 -0.998574 -7.17487 -0.273098 0.961983 -0.00240183 101.152
0.958063 0.281404 -0.0541052 129.805 -0.0497752 -0.0225178 -0.998507 -7.2173 -0.282203 0.959325 -0.00756647 100.952
0.955801 0.288994 -0.0541047 130.5 -0.048097 -0.0278549 -0.998454 -7.25791 -0.290055 0.956925 -0.012724 100.745
0.953804 0.295542 -0.0539692 131.19 -0.0477628 -0.0281847 -0.998461 -7.29433 -0.296609 0.954914 -0.0127668 100.541
0.952423 0.300222 -0.0525112 131.876 -0.0451002 -0.0315669 -0.998484 -7.33149 -0.301425 0.953347 -0.016525 100.33
0.951887 0.302359 -0.0499 132.555 -0.0403078 -0.0378859 -0.998469 -7.37284 -0.303787 0.952441 -0.0238756 100.11
0.951649 0.303251 -0.0490224 133.228 -0.037235 -0.0445344 -0.998314 -7.41377 -0.304923 0.951869 -0.0310896 99.888
0.95145 0.30431 -0.0462425 133.899 -0.0338692 -0.0458169 -0.998376 -7.44939 -0.305935 0.95147 -0.0332858 99.675
0.951246 0.304066 -0.0517256 134.559 -0.0385288 -0.049246 -0.998043 -7.47541 -0.306018 0.951377 -0.0351297 99.4626
0.951519 0.30257 -0.0553536 135.217 -0.0423913 -0.0492466 -0.997887 -7.49879 -0.304656 0.951854 -0.0340328 99.2555
0.951717 0.301871 -0.055765 135.872 -0.0422342 -0.0511714 -0.997796 -7.52928 -0.304059 0.951975 -0.0359514 99.047
0.952375 0.300042 -0.0543791 136.525 -0.0403354 -0.0528076 -0.99779 -7.56092 -0.302251 0.952463 -0.0381902 98.8379
0.95318 0.298102 -0.0508273 137.172 -0.0362498 -0.0542315 -0.99787 -7.6015 -0.300223 0.952992 -0.0408862 98.6302
0.953624 0.296546 -0.0515848 137.811 -0.0366756 -0.0556251 -0.997778 -7.6343 -0.298757 0.953397 -0.0421694 98.4317
0.954203 0.294189 -0.054317 138.445 -0.0393144 -0.056677 -0.997618 -7.66016 -0.296567 0.954065 -0.0425155 98.2354
0.955405 0.289949 -0.0559512 139.071 -0.0407332 -0.0582619 -0.99747 -7.69009 -0.292475 0.955267 -0.0438532 98.0389
0.957035 0.284641 -0.0553409 139.695 -0.0398926 -0.0597916 -0.997413 -7.723 -0.287214 0.956768 -0.0458676 97.8472
0.958795 0.279031 -0.0534288 140.315 -0.0377986 -0.0611031 -0.997416 -7.75885 -0.281575 0.958336 -0.0480384 97.6585
0.960278 0.274253 -0.0514878 140.931 -0.0360427 -0.0610648 -0.997483 -7.79219 -0.276707 0.959717 -0.0487544 97.477
0.961488 0.270154 -0.050577 141.543 -0.0353421 -0.0609664 -0.997514 -7.82387 -0.272566 0.960885 -0.0490706 97.3007
0.962649 0.266224 -0.0493052 142.152 -0.0339666 -0.0619183 -0.997503 -7.85299 -0.268612 0.96192 -0.0505629 97.1277
0.963809 0.262331 -0.0474768 142.758 -0.0315609 -0.0645572 -0.997415 -7.88306 -0.264718 0.962816 -0.0539414 96.954
0.964956 0.258228 -0.0466796 143.361 -0.0300863 -0.0678428 -0.997242 -7.91128 -0.260683 0.963699 -0.0576962 96.7833
0.965928 0.254925 -0.0446698 143.956 -0.0287208 -0.0659482 -0.99741 -7.94081 -0.257211 0.964709 -0.0563795 96.6233
0.96684 0.251347 -0.0452264 144.544 -0.0302964 -0.0629574 -0.997556 -7.96492 -0.253581 0.965847 -0.0532547 96.4713
