0.00592965 -0.999981 -0.0015959 -0.821901 -0.0175995 0.00149132 -0.999844 0.268478 0.999828 0.00595681 -0.0175903 -1.0924
0.00466498 -0.999989 0.000646836 -0.815527 -0.0149271 -0.000716406 -0.999888 0.233266 0.999878 0.00465481 -0.0149302 0.434799
0.00315719 -0.999994 0.00146032 -0.81395 -0.0140464 -0.00150453 -0.9999 0.202003 0.999896 0.00313636 -0.0140511 1.95676
0.00176195 -0.999998 0.000606302 -0.814602 -0.0144473 -0.000631696 -0.999895 0.174903 0.999894 0.00175301 -0.0144484 3.46963
0.000313459 -1 2.77074e-05 -0.82278 -0.0144024 -3.22189e-05 -0.999896 0.15301 0.999896 0.000313026 -0.0144024 4.98154
-0.000967006 -1 0.000151551 -0.833182 -0.0139484 -0.000138048 -0.999903 0.131705 0.999902 -0.000969024 -0.0139483 6.51626
-0.00255471 -0.999997 0.000293382 -0.84475 -0.0137695 -0.000258178 -0.999905 0.109888 0.999902 -0.00255851 -0.0137688 7.99874
-0.00429406 -0.999989 0.00212053 -0.856374 -0.0146066 -0.0020576 -0.999891 0.0879283 0.999884 -0.00432456 -0.0145976 9.49775
-0.00562475 -0.999979 0.00332127 -0.872327 -0.0143089 -0.00324049 -0.999892 0.0719715 0.999882 -0.00567166 -0.0142903 10.9915
-0.00689489 -0.99997 0.00338041 -0.890948 -0.0141981 -0.00328226 -0.999894 0.0550615 0.999875 -0.00694215 -0.0141751 12.4835
-0.00807111 -0.999963 0.00288001 -0.91535 -0.0145654 -0.00276224 -0.99989 0.0367714 0.999861 -0.00811218 -0.0145426 13.9713
-0.00857737 -0.999962 0.00128322 -0.944963 -0.0139396 -0.00116357 -0.999902 0.0130529 0.999866 -0.00859442 -0.0139291 15.4552
-0.0090494 -0.999959 -0.000278841 -0.978463 -0.0132297 0.000398553 -0.999912 -0.00952947 0.999872 -0.00904492 -0.0132327 16.937
-0.00964115 -0.999953 -0.00129726 -1.01064 -0.0124208 0.00141698 -0.999922 -0.0330458 0.999876 -0.00962428 -0.0124339 18.41
-0.0100772 -0.999948 -0.00129055 -1.043 -0.0122152 0.00141362 -0.999924 -0.0507774 0.999875 -0.0100606 -0.0122288 19.8828
-0.0105862 -0.999942 -0.00174658 -1.07151 -0.0121171 0.00187483 -0.999925 -0.0652451 0.999871 -0.0105642 -0.0121362 21.3444
-0.0106353 -0.999941 -0.00242387 -1.10121 -0.0115464 0.00254665 -0.99993 -0.0787871 0.999877 -0.0106065 -0.0115727 22.8013
-0.0106204 -0.999938 -0.00335479 -1.13188 -0.010405 0.00346531 -0.99994 -0.0944154 0.999889 -0.0105849 -0.0104412 24.2533
-0.0105639 -0.999937 -0.00368314 -1.16158 -0.0112334 0.00380179 -0.99993 -0.106808 0.999881 -0.0105218 -0.0112729 25.6945
-0.0105002 -0.999937 -0.00407616 -1.19131 -0.0138847 0.00422179 -0.999895 -0.123753 0.999849 -0.0104425 -0.0139282 27.1284
-0.0101783 -0.999945 -0.00248279 -1.21959 -0.0139424 0.0026246 -0.999899 -0.147359 0.999851 -0.0101426 -0.0139683 28.5541
-0.00989274 -0.99995 -0.0015276 -1.24726 -0.0111806 0.00163819 -0.999936 -0.173512 0.999889 -0.00987502 -0.0111962 29.9751
-0.00969347 -0.999953 0.000140438 -1.27296 -0.00957032 -4.7664e-05 -0.999954 -0.195563 0.999907 -0.00969437 -0.00956941 31.3861
-0.00942943 -0.999955 0.00112296 -1.29934 -0.0103444 -0.0010254 -0.999946 -0.209352 0.999902 -0.00944054 -0.0103342 32.781
-0.00901895 -0.999959 0.00101898 -1.32908 -0.0120461 -0.000910302 -0.999927 -0.224095 0.999887 -0.00903056 -0.0120373 34.1659
-0.00839702 -0.999965 0.000214743 -1.36142 -0.0131987 -0.000103898 -0.999913 -0.240365 0.999878 -0.00839911 -0.0131974 35.5345
-0.00750797 -0.999972 -0.00049265 -1.39052 -0.0137234 0.000595654 -0.999906 -0.260208 0.999878 -0.0075005 -0.0137274 36.8916
-0.00637428 -0.999979 -0.00106483 -1.41948 -0.0130433 0.00114791 -0.999914 -0.281485 0.999895 -0.00635985 -0.0130503 38.2265
-0.00477978 -0.999987 -0.00174161 -1.44523 -0.0107677 0.001793 -0.99994 -0.303866 0.999931 -0.00476074 -0.0107761 39.5511
-0.00311005 -0.999995 -0.00116556 -1.46803 -0.00960755 0.00119539 -0.999953 -0.324312 0.999949 -0.00309871 -0.00961121 40.8553
-0.000830077 -0.999998 -0.00154473 -1.48767 -0.00912207 0.00155224 -0.999957 -0.342008 0.999958 -0.000815949 -0.00912334 42.1394
0.00256386 -0.999995 -0.00159159 -1.50475 -0.00924987 0.00156782 -0.999956 -0.358451 0.999954 0.00257847 -0.0092458 43.4055
0.0062653 -0.99998 -0.000817011 -1.51605 -0.0114059 0.000745511 -0.999935 -0.373956 0.999915 0.00627421 -0.011401 44.6504
0.00975179 -0.999952 -0.000562863 -1.5223 -0.013034 0.000435731 -0.999915 -0.390067 0.999867 0.0097583 -0.0130292 45.887
0.0138018 -0.999904 -0.00105695 -1.53084 -0.0124472 0.000885162 -0.999922 -0.402219 0.999827 0.0138139 -0.0124338 47.1105
0.0190898 -0.999817 -0.00156521 -1.5338 -0.0124069 0.00132849 -0.999922 -0.415545 0.999741 0.0191077 -0.0123793 48.3245
0.0256497 -0.999666 -0.00312808 -1.53335 -0.0134745 0.0027831 -0.999905 -0.424996 0.99958 0.0256894 -0.0133986 49.5285
0.0330562 -0.999442 -0.00480009 -1.52653 -0.0137546 0.00434735 -0.999896 -0.435485 0.999359 0.0331188 -0.0136032 50.7206
0.0414477 -0.999123 -0.00594903 -1.50663 -0.0123986 0.00543936 -0.999908 -0.446627 0.999064 0.0415176 -0.0121622 51.9049
0.0516095 -0.998632 -0.00835458 -1.47892 -0.0119817 0.00774595 -0.999898 -0.455699 0.998595 0.0517044 -0.0115656 53.0777
0.0645058 -0.997858 -0.0108735 -1.44247 -0.0118803 0.0101276 -0.999878 -0.460547 0.997847 0.0646271 -0.0112016 54.2372
0.0791862 -0.996773 -0.0131877 -1.39053 -0.0113766 0.0123248 -0.999859 -0.468614 0.996795 0.079325 -0.0103639 55.3812
0.0953945 -0.995314 -0.0158119 -1.32425 -0.0103067 0.014896 -0.999836 -0.475529 0.995386 0.0955418 -0.00883741 56.5145
0.113027 -0.993457 -0.0163515 -1.2353 -0.00887713 0.0154466 -0.999841 -0.484965 0.993552 0.113154 -0.00707316 57.6395
0.132036 -0.99111 -0.0163518 -1.12721 -0.0094734 0.0152337 -0.999839 -0.493008 0.9912 0.132169 -0.00737779 58.7491
0.15221 -0.988221 -0.0158315 -1.00023 -0.0108094 0.0143527 -0.999839 -0.499471 0.988289 0.152356 -0.00849747 59.8448
0.172994 -0.984829 -0.0136248 -0.849214 -0.0114631 0.0118193 -0.999864 -0.510051 0.984856 0.173126 -0.00924452 60.9268
0.194746 -0.980815 -0.00868507 -0.669624 -0.00927752 0.00701225 -0.999932 -0.526737 0.98081 0.194813 -0.00773393 61.9931
0.217621 -0.976027 -0.0035769 -0.46626 -0.00734521 0.00202692 -0.999971 -0.541505 0.976006 0.217641 -0.00672803 63.0445
0.241264 -0.970459 0.00118773 -0.235195 -0.00774418 -0.00314911 -0.999965 -0.548798 0.970429 0.241247 -0.00827517 64.0786
0.266106 -0.963917 0.00719186 0.0172752 -0.00966141 -0.0101275 -0.999902 -0.555361 0.963896 0.26601 -0.0120078 65.0928
0.291942 -0.956376 0.0107227 0.296067 -0.00943161 -0.0140893 -0.999856 -0.558103 0.956389 0.291799 -0.0131334 66.0914
0.318871 -0.947708 0.0130322 0.591763 -0.00689957 -0.0160707 -0.999847 -0.567559 0.947773 0.318732 -0.0116633 67.0749
0.346361 -0.937951 0.0168151 0.919921 -0.00359998 -0.0192534 -0.999808 -0.575501 0.938094 0.346234 -0.0100452 68.0429
0.374525 -0.927001 0.0200314 1.27131 -0.00382009 -0.0231463 -0.999725 -0.579959 0.927209 0.374345 -0.0122101 68.9892
0.403304 -0.914871 0.0188859 1.64127 -0.0073976 -0.0238978 -0.999687 -0.577428 0.915036 0.403038 -0.0164059 69.913
0.432027 -0.901646 0.0196665 2.03722 -0.0127888 -0.0279293 -0.999528 -0.577568 0.90177 0.431572 -0.0235972 70.8171
0.460524 -0.887393 0.0212439 2.46059 -0.0156285 -0.0320351 -0.999364 -0.582918 0.88751 0.459899 -0.0286215 71.7045
0.489592 -0.871672 0.0220825 2.90977 -0.0125103 -0.032345 -0.999399 -0.591415 0.871862 0.489021 -0.0267408 72.5771
0.519966 -0.853934 0.0208029 3.38172 -0.00658346 -0.0283597 -0.999576 -0.600726 0.854162 0.519608 -0.0203679 73.4391
0.550929 -0.834302 0.0204169 3.87924 -0.00169231 -0.0255813 -0.999671 -0.609083 0.83455 0.550713 -0.0155054 74.274
0.581966 -0.813084 0.0144936 4.39932 -0.00668695 -0.0226067 -0.999722 -0.60295 0.813185 0.581708 -0.0185934 75.0845
0.611715 -0.791045 0.0072231 4.94629 -0.0139524 -0.0199178 -0.999704 -0.593313 0.790955 0.611434 -0.023221 75.869
0.639878 -0.768466 0.00401666 5.52005 -0.0166169 -0.0190616 -0.99968 -0.593062 0.768297 0.639606 -0.0249666 76.6233
0.666899 -0.74512 0.00645444 6.12551 -0.013167 -0.0204445 -0.999704 -0.605051 0.745032 0.666617 -0.0234454 77.3559
0.693276 -0.720645 0.00626334 6.74955 -0.0113824 -0.0196391 -0.999742 -0.617716 0.720583 0.693026 -0.021818 78.0609
0.718785 -0.695218 0.00457753 7.39056 -0.0141272 -0.0211883 -0.999676 -0.624132 0.695089 0.718487 -0.0250513 78.7324
0.743307 -0.668948 0.00173801 8.05583 -0.0169351 -0.0214147 -0.999627 -0.627213 0.668736 0.743001 -0.0272464 79.3825
0.766816 -0.641866 -0.0010292 8.74112 -0.0175522 -0.0193661 -0.999658 -0.633104 0.641627 0.766572 -0.0261164 80.0065
0.789343 -0.613948 -0.00241209 9.4535 -0.0183884 -0.0197143 -0.999637 -0.644312 0.613677 0.7891 -0.0268509 80.6086
0.810776 -0.58529 -0.00883007 10.1854 -0.0244492 -0.0187888 -0.999525 -0.650993 0.584846 0.810606 -0.0295434 81.1859
0.831452 -0.555296 -0.0182994 10.9337 -0.0336999 -0.0175287 -0.999278 -0.673518 0.554574 0.831468 -0.0332877 81.7509
0.85097 -0.524518 -0.0270349 11.7074 -0.042223 -0.017013 -0.998963 -0.70968 0.523514 0.851229 -0.0366242 82.3051
0.86953 -0.49282 -0.0323617 12.5043 -0.045562 -0.0147983 -0.998852 -0.758539 0.491775 0.870006 -0.0353214 82.8372
0.887151 -0.460359 -0.0321331 13.3258 -0.042657 -0.0124725 -0.999012 -0.806682 0.459503 0.887645 -0.0307025 83.3282
0.903562 -0.427353 -0.0307295 14.1684 -0.037775 -0.00801556 -0.999254 -0.858963 0.426788 0.904049 -0.0233858 83.7995
0.918955 -0.393075 -0.0318328 15.0266 -0.0363241 -0.0039907 -0.999332 -0.89841 0.392686 0.919498 -0.0179454 84.2279
0.933121 -0.357857 -0.034981 15.9075 -0.0364263 0.00270343 -0.999333 -0.933891 0.357713 0.933773 -0.0105128 84.6365
0.945995 -0.322025 -0.0373305 16.8056 -0.036669 0.00812199 -0.999294 -0.963712 0.322102 0.946696 -0.00412501 85.0072
0.957573 -0.285853 -0.0366303 17.7243 -0.0349331 0.0110362 -0.999329 -0.997686 0.286065 0.95821 0.000582278 85.34
0.967659 -0.249625 -0.036395 18.6595 -0.0345289 0.0118522 -0.999333 -1.03839 0.24989 0.96827 0.00284962 85.6367
0.976237 -0.213751 -0.0356739 19.612 -0.0340559 0.0112479 -0.999357 -1.09488 0.214015 0.976823 0.00370116 85.8996
0.983345 -0.178378 -0.0348458 20.5759 -0.0337211 0.00933444 -0.999388 -1.14938 0.178594 0.983918 0.00316388 86.121
0.989054 -0.143792 -0.0331097 21.5509 -0.0331871 0.00186053 -0.999447 -1.20156 0.143774 0.989606 -0.00293185 86.3036
0.993248 -0.110164 -0.0363536 22.5289 -0.0367779 -0.00182065 -0.999322 -1.24968 0.110023 0.993912 -0.00585994 86.4488
0.996101 -0.0774985 -0.0421514 23.5131 -0.0424538 -0.0022581 -0.999096 -1.28624 0.0773333 0.99699 -0.0055394 86.5682
0.997793 -0.0481262 -0.0457519 24.499 -0.0462351 -0.00897653 -0.99889 -1.34616 0.0476621 0.998801 -0.0111818 86.6491
0.998721 -0.0224544 -0.0453106 25.4892 -0.0455845 -0.0118402 -0.99889 -1.39857 0.021893 0.999678 -0.0128486 86.6981
0.999145 9.41391e-05 -0.0413545 26.4872 -0.04135 -0.0127313 -0.999064 -1.45721 -0.000620548 0.999919 -0.0127166 86.7278
0.999089 0.0192143 -0.0381148 27.4849 -0.0378691 -0.0129958 -0.999198 -1.50675 -0.0196943 0.999731 -0.0122563 86.7323
0.998522 0.0357291 -0.0409656 28.4782 -0.0404536 -0.014938 -0.99907 -1.57031 -0.0363078 0.99925 -0.0134705 86.7185
0.997633 0.0505027 -0.046663 29.4741 -0.0458238 -0.0176497 -0.998794 -1.62634 -0.0512654 0.998568 -0.0152937 86.6845
0.996766 0.0624392 -0.0505944 30.4713 -0.049303 -0.0220529 -0.99854 -1.6847 -0.0634638 0.997805 -0.0189031 86.6347
0.99595 0.0715811 -0.0543983 31.4701 -0.0525044 -0.0280804 -0.998226 -1.75188 -0.0729816 0.997039 -0.0242084 86.5695
0.995233 0.0773295 -0.0594224 32.4665 -0.0571172 -0.0316896 -0.997864 -1.81205 -0.0790474 0.996502 -0.0271217 86.4942
0.99461 0.0809824 -0.064761 33.462 -0.0622111 -0.0336256 -0.997496 -1.87677 -0.0829572 0.996148 -0.0284063 86.4169
0.99414 0.0837261 -0.0683839 34.4638 -0.0655711 -0.0359003 -0.997202 -1.94012 -0.0859469 0.995842 -0.0301999 86.3339
0.993659 0.0864194 -0.0719258 35.4676 -0.069001 -0.0363723 -0.996953 -2.00892 -0.0887722 0.995595 -0.0301786 86.2503
0.993262 0.0887807 -0.0744886 36.4727 -0.0714188 -0.0372713 -0.99675 -2.07702 -0.0912684 0.995354 -0.0306796 86.1637
0.992773 0.0906819 -0.0786108 37.479 -0.0753953 -0.0383619 -0.996416 -2.14775 -0.0933726 0.995141 -0.0312477 86.0734
0.992451 0.0927001 -0.0802966 38.49 -0.0767624 -0.0410871 -0.996202 -2.23388 -0.0956473 0.994846 -0.033661 85.9724
0.992333 0.0947184 -0.0793939 39.5085 -0.0757588 -0.0413822 -0.996267 -2.32377 -0.0976504 0.994644 -0.0338891 85.8708
0.992194 0.0972073 -0.0781152 40.5286 -0.0745066 -0.0402209 -0.996409 -2.40749 -0.1 0.994451 -0.0326644 85.7696
0.991873 0.0991909 -0.0796884 41.5494 -0.0759669 -0.040753 -0.996277 -2.48499 -0.102069 0.994233 -0.0328865 85.6651
0.991469 0.101664 -0.0815693 42.574 -0.0779001 -0.0395594 -0.996176 -2.56233 -0.104502 0.994032 -0.0313022 85.5602
0.990985 0.10428 -0.0841054 43.6057 -0.0805114 -0.038216 -0.996021 -2.64259 -0.107079 0.993813 -0.0294757 85.4488
0.990423 0.106836 -0.0874583 44.6415 -0.0840444 -0.036059 -0.995809 -2.72405 -0.109542 0.993622 -0.0267346 85.3341
0.989786 0.109055 -0.0918168 45.6795 -0.0887379 -0.0327685 -0.995516 -2.80388 -0.111575 0.993495 -0.0227565 85.2193
0.989262 0.11158 -0.0943985 46.723 -0.0915332 -0.0305404 -0.995334 -2.88972 -0.113943 0.993286 -0.0199992 85.1005
0.989094 0.114267 -0.0929353 47.7691 -0.0902167 -0.0287479 -0.995507 -2.97794 -0.116425 0.993034 -0.0181256 84.9809
0.989142 0.117349 -0.0884783 48.8255 -0.0860823 -0.0253415 -0.995966 -3.07839 -0.119117 0.992767 -0.0149647 84.8566
0.988979 0.119921 -0.0868358 49.881 -0.0844086 -0.0251833 -0.996113 -3.17182 -0.121642 0.992464 -0.0147834 84.7277
0.988724 0.121829 -0.0870833 50.9387 -0.0846654 -0.0248945 -0.996098 -3.26141 -0.123522 0.992239 -0.0142991 84.595
0.988311 0.123156 -0.0898581 51.9967 -0.0872646 -0.0263051 -0.995838 -3.34691 -0.125007 0.992039 -0.0152504 84.4595
0.987976 0.12378 -0.0926345 53.0567 -0.0899837 -0.0268496 -0.995581 -3.43442 -0.12572 0.991946 -0.0153886 84.3217
0.987811 0.124214 -0.0938112 54.1257 -0.0912665 -0.0260341 -0.995486 -3.52719 -0.126095 0.991914 -0.0143802 84.1829
0.987993 0.124085 -0.0920468 55.1976 -0.0899146 -0.022688 -0.995691 -3.61952 -0.125639 0.992012 -0.0112585 84.0472
0.987994 0.124319 -0.0917204 56.2721 -0.0900574 -0.0189429 -0.995756 -3.71281 -0.125529 0.992061 -0.0075196 83.9127
0.987901 0.124422 -0.09258 57.3482 -0.0913905 -0.0152467 -0.995698 -3.80238 -0.125299 0.992112 -0.00369125 83.7802
0.987822 0.1248 -0.0929179 58.4307 -0.0922395 -0.0112158 -0.995674 -3.89621 -0.125302 0.992118 0.000432274 83.6456
0.987843 0.125289 -0.0920251 59.5208 -0.091797 -0.00760517 -0.995749 -3.99108 -0.125457 0.992091 0.00398849 83.511
0.988239 0.125677 -0.0871095 60.6247 -0.0868593 -0.00748019 -0.996192 -4.09112 -0.12585 0.992043 0.00352403 83.3671
0.988908 0.125966 -0.0787065 61.7247 -0.0780134 -0.010434 -0.996898 -4.18286 -0.126396 0.99198 -0.000491246 83.225
0.989413 0.125974 -0.0720648 62.8321 -0.0707259 -0.0150746 -0.997382 -4.26222 -0.12673 0.991919 -0.00600539 83.0769
0.989313 0.125178 -0.0747719 63.9336 -0.0723407 -0.0238634 -0.997095 -4.3299 -0.126599 0.991847 -0.0145529 82.924
0.989 0.123943 -0.0807241 65.0382 -0.0775736 -0.0300453 -0.996534 -4.39081 -0.125939 0.991834 -0.0201001 82.7713
0.98863 0.123075 -0.0863908 66.1479 -0.08287 -0.0334544 -0.995999 -4.45883 -0.125473 0.991833 -0.0228747 82.6243
0.988382 0.122352 -0.0901761 67.2616 -0.0865591 -0.0345732 -0.995647 -4.53416 -0.124937 0.991884 -0.0235808 82.48
0.988466 0.122377 -0.089216 68.3858 -0.085943 -0.0317786 -0.995793 -4.61227 -0.124697 0.991975 -0.0208946 82.3401
0.98894 0.122135 -0.08415 69.5159 -0.0811161 -0.0296123 -0.996265 -4.69882 -0.124171 0.992072 -0.0193776 82.1996
0.989211 0.121945 -0.0811839 70.6508 -0.0783287 -0.0280359 -0.996533 -4.77651 -0.123798 0.992141 -0.0181816 82.0605
0.989159 0.121826 -0.0819998 71.783 -0.0793212 -0.0266849 -0.996492 -4.85028 -0.123587 0.992193 -0.0167322 81.9224
0.988804 0.121628 -0.0864474 72.9203 -0.0837724 -0.0269472 -0.99612 -4.92379 -0.123486 0.99221 -0.0164564 81.781
0.988537 0.120941 -0.0903808 74.0594 -0.0877015 -0.0273067 -0.995773 -5.00261 -0.122898 0.992284 -0.016387 81.6386
0.988672 0.120568 -0.0893887 75.209 -0.0867022 -0.0273576 -0.995859 -5.08899 -0.122514 0.992328 -0.0165942 81.4962
0.98943 0.120031 -0.0813657 76.3674 -0.0784967 -0.0284474 -0.996508 -5.18333 -0.121927 0.992362 -0.0187246 81.3514
0.989477 0.120223 -0.0805059 77.5247 -0.0776519 -0.028246 -0.99658 -5.26582 -0.122086 0.992345 -0.0186132 81.2094
0.989231 0.120119 -0.083624 78.6826 -0.0810577 -0.0261028 -0.996368 -5.33826 -0.121865 0.992416 -0.0160852 81.0703
0.988987 0.119872 -0.0868055 79.8441 -0.0843274 -0.0256032 -0.996109 -5.4143 -0.121628 0.992459 -0.0152127 80.9294
0.989042 0.119778 -0.0863057 81.018 -0.0839311 -0.0247397 -0.996164 -5.50093 -0.121454 0.992492 -0.0144155 80.7879
0.989377 0.119329 -0.0830341 82.1769 -0.0807435 -0.0239125 -0.996448 -5.59035 -0.120891 0.992567 -0.0140234 80.6482
0.989603 0.118331 -0.0817533 83.338 -0.0793662 -0.0247543 -0.996538 -5.67734 -0.119945 0.992666 -0.0151054 80.5063
0.989757 0.116872 -0.0819846 84.5065 -0.0794475 -0.0262126 -0.996494 -5.76025 -0.118611 0.992801 -0.0166589 80.3633
0.989858 0.115688 -0.0824504 85.6799 -0.0796121 -0.0289524 -0.996405 -5.83222 -0.117659 0.992864 -0.0194486 80.2186
0.99003 0.114522 -0.0820078 86.8661 -0.0792264 -0.0286396 -0.996445 -5.90914 -0.116464 0.993008 -0.0192809 80.0761
0.990122 0.113131 -0.0828203 88.0522 -0.0799207 -0.0299379 -0.996351 -5.98209 -0.115198 0.993129 -0.0206006 79.934
0.990447 0.112088 -0.080315 89.2593 -0.0773976 -0.0301484 -0.996544 -6.06768 -0.114122 0.993241 -0.0211851 79.7913
0.99061 0.111073 -0.0797237 90.4717 -0.0769761 -0.0288165 -0.996616 -6.15051 -0.112994 0.993394 -0.019996 79.6519
0.99079 0.109764 -0.0792925 91.6839 -0.0764529 -0.0298487 -0.996626 -6.23519 -0.111761 0.993509 -0.021182 79.5122
0.990919 0.108183 -0.0798537 92.9037 -0.0772252 -0.0282793 -0.996612 -6.31858 -0.110075 0.993729 -0.0196681 79.3746
0.990845 0.106615 -0.0828228 94.1249 -0.0801993 -0.0286719 -0.996366 -6.40113 -0.108602 0.993887 -0.0198589 79.238
0.990986 0.105464 -0.0826047 95.3527 -0.0801948 -0.0268969 -0.996416 -6.48522 -0.107308 0.994059 -0.0181968 79.1052
0.99125 0.10504 -0.079943 96.5827 -0.0779713 -0.0227522 -0.996696 -6.56789 -0.106512 0.994208 -0.0143631 78.9896
0.991176 0.104876 -0.0810625 97.8156 -0.0793577 -0.0203337 -0.996639 -6.64834 -0.106171 0.994277 -0.0118316 78.8708
0.991137 0.105161 -0.0811711 99.0568 -0.0797394 -0.0177547 -0.996658 -6.73196 -0.106251 0.994297 -0.00921189 78.7523
0.991268 0.106235 -0.0781116 100.302 -0.0769636 -0.0148705 -0.996923 -6.81886 -0.107069 0.99423 -0.00656449 78.6306
0.991246 0.10751 -0.0766315 101.552 -0.0757034 -0.0126931 -0.99705 -6.90457 -0.108166 0.994123 -0.0044431 78.509
0.991149 0.108841 -0.0760069 102.8 -0.0752538 -0.0110162 -0.997104 -6.98744 -0.109363 0.993998 -0.00272803 78.3825
0.990968 0.110556 -0.0758938 104.051 -0.0751695 -0.0107111 -0.997113 -7.07337 -0.11105 0.993812 -0.00230393 78.2531
0.990813 0.112824 -0.0745689 105.302 -0.0737979 -0.0110004 -0.997213 -7.15881 -0.11333 0.993554 -0.00257316 78.1186
0.990821 0.115867 -0.0696339 106.553 -0.0692357 -0.00746279 -0.997572 -7.2438 -0.116105 0.993237 0.000627831 77.9853
0.990364 0.119956 -0.0692048 107.798 -0.0688531 -0.00707905 -0.997602 -7.32393 -0.120158 0.992754 0.00124849 77.8463
0.989322 0.125581 -0.0739724 109.033 -0.0743871 -0.00139069 -0.997228 -7.3949 -0.125335 0.992082 0.00796573 77.7092
0.987972 0.132745 -0.0793081 110.278 -0.0796691 -0.00259846 -0.996818 -7.47519 -0.132528 0.991147 0.00800845 77.5605
0.986951 0.14174 -0.0764066 111.509 -0.0764868 -0.00489055 -0.997059 -7.56933 -0.141697 0.989892 0.00601452 77.3992
0.985708 0.152783 -0.0709698 112.747 -0.0711778 -0.00411531 -0.997455 -7.6607 -0.152687 0.988251 0.00681828 77.2258
0.983536 0.165411 -0.0727736 113.981 -0.0726708 -0.00668143 -0.997334 -7.73997 -0.165456 0.986202 0.00544913 77.0345
0.980985 0.179688 -0.0733524 115.214 -0.0730525 -0.00829525 -0.997294 -7.82008 -0.17981 0.983689 0.00498911 76.8201
0.978361 0.194344 -0.0709963 116.439 -0.0707235 -0.00835123 -0.997461 -7.90521 -0.194444 0.980898 0.00557418 76.5944
0.975085 0.209559 -0.0727598 117.656 -0.071537 -0.0134198 -0.997348 -7.99116 -0.20998 0.977704 0.00190574 76.3451
0.971395 0.224948 -0.0760962 118.86 -0.074992 -0.0134619 -0.997093 -8.07003 -0.225319 0.974278 0.0037925 76.0849
0.967359 0.240258 -0.0805788 120.054 -0.079594 -0.0138165 -0.996732 -8.15128 -0.240586 0.970611 0.00575757 75.8068
0.963335 0.25651 -0.0786692 121.247 -0.0786783 -0.010244 -0.996847 -8.23587 -0.256507 0.966487 0.0103134 75.5158
0.959363 0.272835 -0.0719982 122.446 -0.0736365 -0.00424407 -0.997276 -8.32001 -0.272398 0.962051 0.016019 75.208
0.955011 0.288782 -0.0675201 123.638 -0.0705507 8.58827e-05 -0.997508 -8.39799 -0.288057 0.957395 0.0204558 74.879
0.95013 0.304203 -0.0686556 124.815 -0.0726526 0.00182561 -0.997356 -8.47035 -0.303273 0.952605 0.0238357 74.5325
0.945168 0.318846 -0.0706715 125.982 -0.0752271 0.0019793 -0.997164 -8.5431 -0.317802 0.947804 0.0258566 74.1649
0.94022 0.332805 -0.0722995 127.136 -0.0768867 0.000615817 -0.99704 -8.62212 -0.331775 0.942996 0.0261673 73.7802
0.935049 0.347012 -0.0725673 128.286 -0.0768665 -0.00137912 -0.99704 -8.70508 -0.346085 0.937859 0.0253841 73.376
0.929848 0.361186 -0.0701936 129.426 -0.0749359 -0.000878416 -0.997188 -8.78934 -0.360232 0.932493 0.026249 72.9577
0.924192 0.3757 -0.0686961 130.559 -0.07389 -0.000584837 -0.997266 -8.87093 -0.374713 0.926741 0.02722 72.5238
0.917943 0.390599 -0.0693766 131.679 -0.0757871 0.00100145 -0.997124 -8.9476 -0.389406 0.92056 0.0305216 72.0769
0.911307 0.405367 -0.0720965 132.787 -0.078809 -0.000130947 -0.99689 -9.02519 -0.404116 0.914154 0.0318272 71.6116
0.904456 0.420252 -0.0731279 133.893 -0.0802009 -0.000842722 -0.996778 -9.10699 -0.418959 0.907407 0.0329424 71.125
0.897431 0.434597 -0.0757878 134.989 -0.0824977 -0.00343564 -0.996585 -9.19228 -0.433373 0.900619 0.0327699 70.6187
0.889815 0.449485 -0.0786939 136.082 -0.0863261 -0.00352723 -0.996261 -9.27566 -0.448082 0.893281 0.0356637 70.0939
0.881804 0.464553 -0.0813166 137.17 -0.0896402 -0.00418355 -0.995965 -9.36233 -0.463019 0.885535 0.0379536 69.5516
0.87383 0.479862 -0.0784509 138.258 -0.0877783 -0.00301019 -0.996135 -9.4543 -0.478244 0.877339 0.0394911 68.9865
0.86518 0.495958 -0.0740859 139.342 -0.085383 0.000113555 -0.996348 -9.54774 -0.494139 0.868346 0.0424446 68.4045
0.855838 0.512007 -0.0734157 140.42 -0.0859199 0.000760368 -0.996302 -9.6365 -0.510058 0.858981 0.0446424 67.7984
0.846162 0.527938 -0.0727374 141.484 -0.0869076 0.00203785 -0.996214 -9.72305 -0.525791 0.84928 0.0476062 67.1722
0.836212 0.543738 -0.0714024 142.543 -0.0869092 0.00283705 -0.996212 -9.81467 -0.541476 0.83925 0.0496282 66.5229
0.825893 0.559418 -0.0703717 143.595 -0.0878291 0.00435887 -0.996126 -9.90713 -0.556944 0.828874 0.0527331 65.8516
0.815267 0.574859 -0.0698385 144.633 -0.088731 0.00483117 -0.996044 -10.0006 -0.572247 0.818238 0.0549465 65.1599
0.80454 0.590096 -0.0670956 145.666 -0.0870443 0.00540694 -0.99619 -10.0964 -0.587485 0.807315 0.0557145 64.4437
0.793606 0.605169 -0.0629219 146.686 -0.0834218 0.00578772 -0.996498 -10.1932 -0.602686 0.796076 0.0550775 63.7061
0.782299 0.619924 -0.0608414 147.694 -0.0814508 0.0049689 -0.996665 -10.2862 -0.617555 0.784646 0.0543805 62.9477
0.770452 0.634724 -0.0594005 148.696 -0.0814039 0.00553846 -0.996666 -10.3757 -0.632279 0.772719 0.0559362 62.166
0.758025 0.649456 -0.0600399 149.679 -0.0849312 0.00701897 -0.996362 -10.4624 -0.646672 0.760367 0.0604796 61.3671
0.744699 0.66468 -0.0601973 150.655 -0.0885675 0.00902366 -0.996029 -10.5488 -0.661497 0.747074 0.0655889 60.5484
0.730707 0.680411 -0.0557456 151.621 -0.0865618 0.0113438 -0.996182 -10.6437 -0.677181 0.732742 0.0671866 59.7048
0.716076 0.696354 -0.0482366 152.573 -0.0816964 0.0149792 -0.996545 -10.7406 -0.693225 0.717542 0.0676159 58.8366
0.699711 0.71302 -0.0448044 153.51 -0.0807883 0.0166569 -0.996592 -10.8324 -0.709844 0.700946 0.0692587 57.9449
0.681801 0.730293 -0.0426577 154.428 -0.0817581 0.0181227 -0.996487 -10.9179 -0.726954 0.682894 0.0720634 57.029
0.663061 0.747609 -0.0378227 155.325 -0.0813918 0.0217754 -0.996444 -11.0057 -0.744128 0.663782 0.0752877 56.0894
0.643981 0.764215 -0.0355462 156.221 -0.0811814 0.0220607 -0.996455 -11.094 -0.760722 0.644584 0.0762468 55.1171
0.624484 0.78017 -0.0367947 157.095 -0.0838163 0.0201035 -0.996278 -11.1793 -0.776527 0.625244 0.0779453 54.1209
0.605075 0.795295 -0.0372956 157.939 -0.0831034 0.0164999 -0.996404 -11.2721 -0.79182 0.605999 0.0760754 53.1009
0.585612 0.809741 -0.0371293 158.78 -0.0810162 0.0128929 -0.996629 -11.3751 -0.806533 0.586646 0.0731524 52.0755
0.565331 0.823985 -0.0380759 159.594 -0.0835798 0.0112988 -0.996437 -11.4718 -0.820619 0.566499 0.0752561 51.035
0.544759 0.837682 -0.0390775 160.373 -0.087959 0.0107352 -0.996066 -11.5661 -0.833967 0.546053 0.0795297 49.9792
0.524422 0.850549 -0.0393566 161.129 -0.0886586 0.00857604 -0.996025 -11.6697 -0.84683 0.525827 0.0799059 48.9028
0.505168 0.862224 -0.0370839 161.842 -0.0850101 0.00695363 -0.996356 -11.7757 -0.858824 0.50648 0.0768105 47.806
0.486945 0.872623 -0.0376107 162.534 -0.0868968 0.00555354 -0.996202 -11.8828 -0.869099 0.488364 0.0785324 46.6898
0.46945 0.881988 -0.0413952 163.186 -0.0906006 0.00148246 -0.995886 -11.9835 -0.878298 0.471269 0.0806046 45.5612
0.452586 0.890861 -0.0391591 163.826 -0.0916538 0.00279178 -0.995787 -12.0911 -0.886998 0.454268 0.0829142 44.4229
0.436462 0.89901 -0.0357988 164.441 -0.0918302 0.00493128 -0.995762 -12.2008 -0.895024 0.4379 0.0847086 43.2691
0.42143 0.906253 -0.0332195 165.034 -0.0909717 0.00580077 -0.995837 -12.3098 -0.902287 0.422697 0.0848879 42.1068
0.407325 0.912729 -0.0318193 165.603 -0.0911262 0.00595103 -0.995822 -12.4193 -0.908726 0.408523 0.0855975 40.935
0.393657 0.9188 -0.0289929 166.154 -0.090467 0.00733533 -0.995872 -12.5262 -0.914795 0.394655 0.0860086 39.7563
0.380704 0.924389 -0.0238577 166.689 -0.0867015 0.00999674 -0.996184 -12.634 -0.920624 0.381319 0.0839517 38.5671
0.368466 0.929437 -0.0194824 167.209 -0.0827071 0.0119002 -0.996503 -12.739 -0.925955 0.368788 0.0812559 37.367
0.357501 0.933699 -0.0199696 167.708 -0.0803924 0.00946367 -0.996718 -12.842 -0.930446 0.357933 0.0784455 36.1597
0.348773 0.93691 -0.0236065 168.183 -0.0812682 0.00514038 -0.996679 -12.9388 -0.933677 0.349533 0.0779338 34.9527
0.34233 0.939126 -0.0292044 168.645 -0.0833179 -0.000618289 -0.996523 -13.0355 -0.935878 0.343573 0.0780343 33.742
0.337193 0.940842 -0.0334106 169.095 -0.0857738 -0.00463926 -0.996304 -13.1341 -0.93752 0.338813 0.0791352 32.5326
0.332307 0.942664 -0.0309411 169.548 -0.0852396 -0.00265496 -0.996357 -13.2328 -0.939312 0.333733 0.07947 31.3157
0.327618 0.944522 -0.0233493 169.99 -0.081104 0.00349261 -0.996699 -13.3325 -0.941323 0.328431 0.0777487 30.0984
0.322786 0.946319 -0.0170251 170.39 -0.0783439 0.00878794 -0.996888 -13.4308 -0.943224 0.323115 0.0769749 28.866
0.318218 0.947956 -0.0108334 170.787 -0.0806681 0.0156899 -0.996617 -13.5191 -0.944579 0.318016 0.0814626 27.6351
0.314533 0.94921 -0.00835743 171.179 -0.0829555 0.0187156 -0.996377 -13.6098 -0.945615 0.314087 0.0846288 26.4078
0.312066 0.950021 -0.00871753 171.561 -0.0856861 0.0190057 -0.996141 -13.7078 -0.946189 0.311608 0.0873346 25.1753
0.311115 0.950332 -0.00879168 171.948 -0.0872785 0.0193587 -0.995996 -13.8085 -0.946356 0.310636 0.0889663 23.9468
0.311246 0.950255 -0.0118442 172.326 -0.088629 0.016616 -0.995926 -13.9146 -0.946187 0.311028 0.0893919 22.7167
0.312217 0.949911 -0.0138045 172.698 -0.0908687 0.0153962 -0.995744 -14.023 -0.945655 0.312142 0.0911241 21.4953
0.313334 0.949541 -0.0139234 173.051 -0.0925958 0.0159568 -0.995576 -14.1289 -0.945118 0.313237 0.0929233 20.2839
0.314901 0.949004 -0.0151295 173.426 -0.0920576 0.0146738 -0.995646 -14.2373 -0.944649 0.314923 0.0919838 19.074
0.317373 0.94817 -0.0157525 173.805 -0.0919754 0.0142447 -0.995659 -14.3475 -0.94383 0.317445 0.0917292 17.8752
0.321135 0.946919 -0.0147188 174.205 -0.0925538 0.0159132 -0.995581 -14.4571 -0.9425 0.321078 0.0927512 16.6786
0.325691 0.94538 -0.0134637 174.614 -0.0901127 0.016863 -0.995789 -14.5698 -0.941172 0.325533 0.0906829 15.483
0.33154 0.943377 -0.0109779 175.034 -0.0865623 0.0188303 -0.996068 -14.6786 -0.939462 0.331187 0.0879039 14.2878
0.33835 0.940973 -0.00945172 175.458 -0.0844498 0.0203593 -0.99622 -14.7818 -0.937223 0.337869 0.0863535 13.0987
0.34571 0.938271 -0.0115252 175.88 -0.0831244 0.0183886 -0.996369 -14.8851 -0.934653 0.345413 0.0843503 11.9145
0.354322 0.93504 -0.0124766 176.318 -0.0841095 0.0185784 -0.996283 -14.9851 -0.931333 0.354055 0.0852285 10.736
0.363699 0.931402 -0.0146042 176.762 -0.0847092 0.0174566 -0.996253 -15.0884 -0.927657 0.363573 0.0852473 9.56771
0.374048 0.927242 -0.0176402 177.216 -0.085203 0.0154178 -0.996244 -15.1908 -0.923487 0.374146 0.0847708 8.3921
0.385688 0.922424 -0.0194824 177.689 -0.0858752 0.014866 -0.996195 -15.2952 -0.918624 0.385893 0.084947 7.22299
0.398685 0.916819 -0.0222188 178.175 -0.0874965 0.0139092 -0.996068 -15.3944 -0.912904 0.399062 0.0857638 6.06163
0.41214 0.910793 -0.0244127 178.676 -0.0867807 0.0125683 -0.996148 -15.5031 -0.906978 0.412671 0.0842192 4.90264
0.425506 0.904631 -0.0242269 179.204 -0.0845323 0.0130781 -0.996335 -15.6089 -0.900999 0.425994 0.0820354 3.75489
0.438989 0.898097 -0.026648 179.753 -0.0840504 0.0115191 -0.996395 -15.7085 -0.894552 0.439646 0.0805422 2.61062
0.452451 0.891295 -0.0296814 180.314 -0.0836471 0.00927875 -0.996452 -15.8074 -0.887858 0.453328 0.0787524 1.48038
0.466393 0.884015 -0.0315628 180.891 -0.0811378 0.00722177 -0.996677 -15.9083 -0.880849 0.467404 0.0750952 0.361333
0.480469 0.876372 -0.0334962 181.482 -0.0779 0.00460362 -0.996951 -16.0105 -0.873545 0.481613 0.0704812 -0.745554
0.494721 0.868275 -0.0367479 182.085 -0.0759852 0.00109397 -0.997108 -16.1093 -0.865724 0.496083 0.0665172 -1.83368
0.510026 0.859216 -0.0402606 182.703 -0.0746525 -0.00241313 -0.997207 -16.2093 -0.856913 0.511607 0.0629119 -2.90657
0.526619 0.848988 -0.0434821 183.329 -0.073416 -0.00553815 -0.997286 -16.3053 -0.846925 0.528382 0.0594128 -3.96321
0.543513 0.838092 -0.0468616 183.973 -0.0723266 -0.00886125 -0.997342 -16.3934 -0.836279 0.545457 0.0558001 -5.00398
0.560179 0.826917 -0.0490677 184.63 -0.0715869 -0.0106873 -0.997377 -16.4714 -0.825272 0.562222 0.0532096 -6.02993
0.576898 0.815192 -0.0514937 185.314 -0.0714893 -0.0124093 -0.997364 -16.544 -0.813682 0.579058 0.0511186 -7.04079
0.594135 0.802564 -0.0538054 186.017 -0.0711104 -0.0142226 -0.997367 -16.6239 -0.801216 0.596396 0.0486205 -8.03367
0.612073 0.78887 -0.0552361 186.734 -0.0692893 -0.0160813 -0.997467 -16.7063 -0.78776 0.61435 0.0448173 -9.01077
0.630998 0.773706 -0.0567511 187.474 -0.0672122 -0.0183564 -0.99757 -16.7876 -0.772868 0.633279 0.0404196 -9.96424
0.650512 0.757124 -0.0599779 188.232 -0.0682151 -0.0204074 -0.997462 -16.869 -0.756427 0.652952 0.0383721 -10.8885
0.669766 0.739872 -0.0632695 188.998 -0.0703199 -0.0216256 -0.99729 -16.9513 -0.739236 0.6724 0.0375437 -11.7819
0.688762 0.722121 -0.0644058 189.789 -0.0708707 -0.0213484 -0.997257 -17.0361 -0.721515 0.691437 0.0364732 -12.6531
0.708116 0.703119 -0.064769 190.599 -0.0701157 -0.0212552 -0.997312 -17.1226 -0.702606 0.710754 0.0342486 -13.499
0.727319 0.683262 -0.0644991 191.438 -0.0699326 -0.0197075 -0.997357 -17.2073 -0.682727 0.729907 0.0334487 -14.3175
0.745895 0.662886 -0.0649847 192.294 -0.070912 -0.0179785 -0.99732 -17.2944 -0.662278 0.748504 0.0335965 -15.1046
0.763783 0.642202 -0.0649006 193.163 -0.0715362 -0.0157088 -0.997314 -17.3748 -0.641497 0.766374 0.0339425 -15.8731
0.781154 0.620944 -0.0650185 194.048 -0.0713252 -0.0147033 -0.997345 -17.4474 -0.620251 0.783717 0.0328034 -16.6166
0.798497 0.598471 -0.0650706 194.948 -0.07004 -0.0149994 -0.997431 -17.5207 -0.59791 0.801004 0.0299399 -17.3395
0.815941 0.574396 -0.0656467 195.842 -0.0697939 -0.0148533 -0.997451 -17.5913 -0.573907 0.818443 0.0279699 -18.0359
0.832923 0.549063 -0.0690611 196.773 -0.0715288 -0.0169314 -0.997295 -17.664 -0.548747 0.835609 0.0251713 -18.7008
0.849845 0.522294 -0.0705187 197.721 -0.072033 -0.0174384 -0.99725 -17.7367 -0.522088 0.852587 0.0228025 -19.3406
0.866014 0.49518 -0.0693958 198.701 -0.0707781 -0.0159902 -0.997364 -17.81 -0.494985 0.868643 0.0212002 -19.9417
0.881581 0.467184 -0.0674918 199.698 -0.0684424 -0.0149589 -0.997543 -17.8834 -0.467045 0.884034 0.0187877 -20.5119
0.89652 0.437683 -0.0684604 200.697 -0.0686312 -0.0154486 -0.997522 -17.96 -0.437656 0.898997 0.0161887 -21.0518
0.910779 0.406703 -0.0712397 201.717 -0.0708295 -0.0160844 -0.997359 -18.0276 -0.406775 0.913419 0.0141572 -21.56
0.924236 0.374739 -0.0732 202.754 -0.0717644 -0.0178055 -0.997263 -18.0919 -0.375017 0.926959 0.0104365 -22.0364
0.936545 0.342615 -0.0741582 203.795 -0.0717091 -0.0198299 -0.997228 -18.1632 -0.343136 0.939267 0.00599705 -22.4764
0.947922 0.309862 -0.0736947 204.865 -0.071051 -0.0198254 -0.997276 -18.2382 -0.310478 0.950575 0.00322303 -22.8743
0.95832 0.276206 -0.0730337 205.946 -0.0697803 -0.0216028 -0.997328 -18.318 -0.277046 0.960856 -0.00142861 -23.2357
0.967669 0.242049 -0.0709169 207.053 -0.067761 -0.021349 -0.997473 -18.399 -0.242952 0.970029 -0.00425725 -23.5544
0.975846 0.207026 -0.069748 208.164 -0.0665637 -0.0223159 -0.997533 -18.482 -0.208072 0.978081 -0.00799652 -23.8333
0.982719 0.171719 -0.0691131 209.259 -0.0660921 -0.0232548 -0.997543 -18.5632 -0.172904 0.984871 -0.0115037 -24.0714
0.988306 0.135995 -0.0689728 210.375 -0.0663487 -0.02374 -0.997514 -18.6406 -0.137294 0.990425 -0.0144392 -24.2663
0.99259 0.100166 -0.0687887 211.494 -0.0666545 -0.0245043 -0.997475 -18.7195 -0.101599 0.994669 -0.0176462 -24.4218
0.995508 0.0647516 -0.0690691 212.604 -0.0676791 -0.0234222 -0.997432 -18.7982 -0.066203 0.997626 -0.0189347 -24.533
0.997166 0.0301028 -0.0689562 213.741 -0.0682855 -0.0227705 -0.997406 -18.871 -0.0315949 0.999287 -0.0206504 -24.6055
0.997691 -0.00355302 -0.0678286 214.872 -0.0678901 -0.0217361 -0.997456 -18.9424 0.00206965 0.999757 -0.0219271 -24.6363
0.997012 -0.0367391 -0.0679515 216.005 -0.0687296 -0.0203453 -0.997428 -19.019 0.0352621 0.999118 -0.0228096 -24.6256
0.99524 -0.0698505 -0.0679648 217.134 -0.069593 -0.0211429 -0.997351 -19.0999 0.0682285 0.997333 -0.0259033 -24.5746
0.992586 -0.102134 -0.0658868 218.256 -0.0684881 -0.0221715 -0.997405 -19.1797 0.100408 0.994523 -0.0290021 -24.4916
0.98896 -0.133549 -0.064211 219.389 -0.0679149 -0.0233618 -0.997418 -19.2616 0.131704 0.990767 -0.0321739 -24.3687
0.984379 -0.16397 -0.0641208 220.521 -0.0690514 -0.0245431 -0.997311 -19.3383 0.161955 0.98616 -0.0354821 -24.2126
0.978917 -0.194024 -0.0638533 221.65 -0.0702817 -0.0264238 -0.997177 -19.4132 0.191789 0.980641 -0.039503 -24.0251
0.972533 -0.224132 -0.0628078 222.782 -0.0709638 -0.0285133 -0.997071 -19.4885 0.221684 0.974142 -0.0436353 -23.8025
0.965152 -0.254479 -0.0610161 223.907 -0.0712178 -0.0310609 -0.996977 -19.5669 0.251814 0.966579 -0.0481019 -23.5456
0.956841 -0.284505 -0.0592589 225.028 -0.0715045 -0.0328405 -0.996899 -19.6445 0.281677 0.958112 -0.0517666 -23.253
0.947563 -0.314246 -0.0580829 226.144 -0.0729942 -0.0358829 -0.996687 -19.7224 0.311121 0.948663 -0.0569394 -22.9277
0.937604 -0.342945 -0.0573381 227.24 -0.0742394 -0.0363476 -0.996578 -19.7998 0.339687 0.938652 -0.0595396 -22.5641
0.926934 -0.371145 -0.0551813 228.338 -0.0741463 -0.0370129 -0.99656 -19.8798 0.367826 0.927837 -0.0618275 -22.1658
0.915254 -0.399244 -0.0539813 229.427 -0.0749333 -0.0370466 -0.9965 -19.9599 0.395847 0.916096 -0.0638237 -21.7317
0.902297 -0.427641 -0.0546158 230.489 -0.0783544 -0.0380946 -0.996197 -20.0407 0.423934 0.903146 -0.0678801 -21.2684
0.888333 -0.455883 -0.0550933 231.55 -0.0819986 -0.039434 -0.995852 -20.1244 0.451819 0.889166 -0.0724123 -20.7705
0.873798 -0.483302 -0.0538223 232.585 -0.0836543 -0.0403626 -0.995677 -20.2164 0.479041 0.874523 -0.0756991 -20.2395
0.85873 -0.509942 -0.0504185 233.63 -0.0828957 -0.0411476 -0.995708 -20.3006 0.505679 0.859224 -0.0776067 -19.6725
0.843391 -0.535151 -0.0480182 234.658 -0.0823706 -0.0404652 -0.99578 -20.3814 0.530949 0.843787 -0.0782086 -19.0715
0.828241 -0.558354 -0.0475265 235.663 -0.0831788 -0.038624 -0.995786 -20.461 0.554165 0.828703 -0.0784332 -18.4419
0.813636 -0.579444 -0.0473509 236.659 -0.0845265 -0.037321 -0.995722 -20.5505 0.575198 0.814157 -0.079344 -17.7777
0.799441 -0.598997 -0.045798 237.642 -0.0842498 -0.036307 -0.995783 -20.6443 0.594808 0.799928 -0.0794906 -17.0859
0.785504 -0.617363 -0.0429665 238.603 -0.0826276 -0.0358174 -0.995937 -20.7387 0.613316 0.785862 -0.0791459 -16.371
0.771888 -0.634534 -0.0394379 239.555 -0.0810578 -0.0366979 -0.996034 -20.8321 0.63057 0.772023 -0.0797606 -15.6299
0.758466 -0.65067 -0.0368461 240.491 -0.0803834 -0.0372952 -0.996066 -20.9219 0.646736 0.758444 -0.0805902 -14.865
0.745087 -0.666089 -0.0342274 241.424 -0.080545 -0.0389179 -0.995991 -21.0021 0.662087 0.744856 -0.0826474 -14.0859
0.73135 -0.681177 -0.0335503 242.345 -0.0816703 -0.0386338 -0.99591 -21.0865 0.677095 0.731099 -0.0838867 -13.2877
0.717086 -0.696256 -0.0318687 243.234 -0.0821817 -0.0390586 -0.995852 -21.1786 0.692123 0.71673 -0.0852278 -12.4582
0.702449 -0.711123 -0.0294909 244.112 -0.080638 -0.0383491 -0.996006 -21.2775 0.707152 0.702021 -0.0842818 -11.5996
0.687915 -0.725329 -0.0259084 244.981 -0.07819 -0.0385733 -0.996192 -21.3634 0.721568 0.687321 -0.0832486 -10.7323
0.672867 -0.739373 -0.0240279 245.831 -0.0777563 -0.0383869 -0.996233 -21.446 0.735666 0.6722 -0.0833202 -9.84678
0.6577 -0.752937 -0.0227125 246.664 -0.080162 -0.0399786 -0.99598 -21.5275 0.749002 0.656877 -0.0866509 -8.9423
0.642987 -0.765556 -0.022153 247.483 -0.0821277 -0.0401627 -0.995812 -21.6146 0.761461 0.642114 -0.0886975 -8.01627
0.628871 -0.777229 -0.0208993 248.286 -0.0817995 -0.0394072 -0.995869 -21.7045 0.773195 0.627983 -0.088359 -7.06711
0.615068 -0.788262 -0.0182722 249.074 -0.0802213 -0.0395078 -0.995994 -21.7975 0.784382 0.61407 -0.0875354 -6.1009
0.601201 -0.798961 -0.014825 249.848 -0.0790009 -0.0409647 -0.996032 -21.8913 0.795184 0.599986 -0.0877465 -5.11576
0.587707 -0.808955 -0.0139043 250.608 -0.0802125 -0.0411566 -0.995928 -21.9809 0.805088 0.586429 -0.0890763 -4.11392
0.574891 -0.818153 -0.0112601 251.358 -0.0824697 -0.0442464 -0.995611 -22.0724 0.814064 0.573296 -0.0929097 -3.0929
0.56249 -0.826759 -0.0086124 252.09 -0.0825812 -0.045814 -0.995531 -22.1645 0.82267 0.560687 -0.0940447 -2.05551
0.550791 -0.83463 -0.00476959 252.813 -0.0811182 -0.0478425 -0.995556 -22.2607 0.830692 0.54873 -0.0940549 -1.00121
0.540051 -0.841625 -0.00356286 253.526 -0.0826205 -0.0488018 -0.995385 -22.353 0.837567 0.537853 -0.0958909 0.0737209
0.531103 -0.847306 -0.0016139 254.221 -0.0822608 -0.0496663 -0.995373 -22.4473 0.843305 0.528778 -0.0960779 1.15474
0.524616 -0.851338 -0.000720406 254.91 -0.0808169 -0.048959 -0.995526 -22.5432 0.847494 0.522327 -0.0944872 2.25842
0.519746 -0.85432 0.000936075 255.594 -0.0793767 -0.0493816 -0.995621 -22.6382 0.850625 0.517396 -0.0934789 3.37044
0.515346 -0.85698 0.00176987 256.273 -0.0786591 -0.049358 -0.995679 -22.7324 0.853365 0.51298 -0.0928457 4.49057
0.511146 -0.859488 0.00324291 256.949 -0.078912 -0.0506862 -0.995592 -22.8239 0.855864 0.508637 -0.0937319 5.61797
0.507392 -0.861699 0.00536516 257.621 -0.0768005 -0.0514218 -0.99572 -22.9179 0.858286 0.504808 -0.0922698 6.75229
0.503707 -0.863841 0.00760963 258.292 -0.0758712 -0.0530118 -0.995707 -23.0107 0.860536 0.500968 -0.092243 7.89431
0.499713 -0.866144 0.00905294 258.958 -0.0763392 -0.054449 -0.995594 -23.101 0.862821 0.49682 -0.0933296 9.03907
0.49592 -0.868309 0.0101241 259.62 -0.0763337 -0.0552045 -0.995553 -23.192 0.865007 0.492942 -0.0936582 10.1906
0.492155 -0.870452 0.00985945 260.277 -0.0758907 -0.0541862 -0.995643 -23.2833 0.867193 0.489262 -0.0927271 11.3496
0.488343 -0.872588 0.0105432 260.93 -0.0757517 -0.0544244 -0.99564 -23.3751 0.869358 0.485415 -0.0926778 12.5117
0.484894 -0.874511 0.0104299 261.578 -0.075746 -0.0538742 -0.995671 -23.4668 0.871287 0.482005 -0.0923639 13.6787
0.48247 -0.875865 0.00918662 262.22 -0.0756941 -0.0521403 -0.995767 -23.5571 0.872636 0.479732 -0.0914539 14.8476
