1.000000000 -0.000000000 -0.000000000 0.000000000 0.000000000 1.000000000 -0.000000000 0.000000000 0.000000000 -0.000000000 1.000000000 -0.000000000 
0.999991040 -0.002807069 -0.003168647 -0.003853445 0.002801049 0.999994267 -0.001902551 -0.008846523 0.003173969 0.001893659 0.999993170 0.673758969 
0.999974410 -0.001485448 -0.006998127 -0.019681466 0.001461807 0.999993212 -0.003382142 -0.013866997 0.007003104 0.003371826 0.999969793 1.366094917 
0.999940160 -0.001499370 -0.010836444 -0.034694521 0.001447807 0.999987601 -0.004764625 -0.019736672 0.010843454 0.004748651 0.999929932 2.074421298 
0.999877817 -0.000211851 -0.015630298 -0.049853967 0.000129096 0.999985971 -0.005295370 -0.026873663 0.015631200 0.005292706 0.999863817 2.799844716 
0.999793524 -0.001397303 -0.020272064 -0.065576939 0.001283321 0.999983303 -0.005634493 -0.032804879 0.020279598 0.005607314 0.999778623 3.546472661 
0.999684168 0.000714669 -0.025120785 -0.087176775 -0.000887668 0.999975965 -0.006876199 -0.042753097 0.025115267 0.006896326 0.999660774 4.319626652 
0.999564640 0.002977356 -0.029354143 -0.131261654 -0.003199185 0.999966660 -0.007512921 -0.049395397 0.029330796 0.007603559 0.999540840 5.071683362 
0.999430760 0.003532920 -0.033551063 -0.168356239 -0.003733246 0.999975567 -0.005910010 -0.061080117 0.033529364 0.006031900 0.999419530 5.845683331 
0.999279816 0.002712353 -0.037848285 -0.205460961 -0.002846493 0.999989856 -0.003490730 -0.064787027 0.037838433 0.003595951 0.999277400 6.638870820 
0.999144494 0.002201763 -0.041296875 -0.245176536 -0.002240034 0.999997104 -0.000880465 -0.070197556 0.041294816 0.000972219 0.999146532 7.463593916 
0.999025968 0.003566425 -0.043981758 -0.287838198 -0.003635179 0.999992293 -0.001483347 -0.080776820 0.043976129 0.001641784 0.999031233 8.287773449 
0.998918101 0.003415949 -0.046378421 -0.328593981 -0.003491761 0.999992697 -0.001553714 -0.091677933 0.046372775 0.001713975 0.998922734 9.100806678 
0.998846788 0.000782279 -0.048005020 -0.369580000 -0.000887951 0.999997230 -0.002179983 -0.099554152 0.048003182 0.002220095 0.998844716 9.935492585 
0.998739322 0.000627079 -0.050193355 -0.412225058 -0.000689380 0.999999013 -0.001223924 -0.111067221 0.050192538 0.001256984 0.998738769 10.769087926 
0.998662472 -0.000831446 -0.051696951 -0.458675910 0.000759830 0.999998724 -0.001404959 -0.121766577 0.051698053 0.001363799 0.998661830 11.602464790 
0.998583984 0.002263962 -0.053149793 -0.515396799 -0.002466577 0.999989938 -0.003746859 -0.134706492 0.053140775 0.003872652 0.998579521 12.458517419 
0.998500846 0.002876725 -0.054660631 -0.569945149 -0.003236496 0.999973673 -0.006494523 -0.143381484 0.054640509 0.006661696 0.998483869 13.312043455 
0.998410994 0.006259948 -0.056002684 -0.634989024 -0.006721325 0.999944978 -0.008053912 -0.153002203 0.055949185 0.008417527 0.998398134 14.189914976 
0.998324393 0.007171338 -0.057419326 -0.687748388 -0.007632595 0.999940310 -0.007817860 -0.164538139 0.057359835 0.008243019 0.998319539 15.090041149 
0.998256295 0.005811647 -0.058741757 -0.739839745 -0.006189186 0.999961332 -0.006247202 -0.177518059 0.058703179 0.006599873 0.998253664 15.970917373 
0.998194232 0.006388304 -0.059728262 -0.802501867 -0.006681389 0.999966594 -0.004708548 -0.192082240 0.059696187 0.005099113 0.998203569 16.860973671 
0.998134479 0.005550780 -0.060800910 -0.860495493 -0.005829452 0.999973298 -0.004406935 -0.206869752 0.060774824 0.004753150 0.998140185 17.765469737 
0.998035744 0.005552831 -0.062400476 -0.922600612 -0.005890622 0.999968970 -0.005230617 -0.223686328 0.062369495 0.005587920 0.998037485 18.668392914 
0.997974129 0.004172484 -0.063484076 -0.987182082 -0.004575105 0.999970326 -0.006198027 -0.233096044 0.063456331 0.006475917 0.997963605 19.585954738 
0.997941279 0.004894714 -0.063947204 -1.047902534 -0.005207795 0.999975252 -0.004730152 -0.244222916 0.063922468 0.005053438 0.997942073 20.505578418 
0.997946370 0.005624311 -0.063807595 -1.113368375 -0.005694861 0.999983357 -0.000923856 -0.263004253 0.063801337 0.001285335 0.997961791 21.416752994 
0.997987135 0.006904742 -0.063039686 -1.177686139 -0.006752063 0.999973734 0.002634667 -0.274377224 0.063056222 -0.002203716 0.998007543 22.353184751 
0.998082173 0.005096501 -0.061692799 -1.231937079 -0.004741456 0.999971354 0.005900062 -0.283430530 0.061721101 -0.005596233 0.998077746 23.297309965 
0.998171650 0.005637107 -0.060179567 -1.292606854 -0.005250090 0.999964522 0.006587231 -0.290858149 0.060214565 -0.006259239 0.998165832 24.234514426 
0.998271512 0.006330026 -0.058428747 -1.359931763 -0.006119892 0.999974149 0.003774651 -0.297201988 0.058451130 -0.003410549 0.998284445 25.188819199 
0.998328084 0.007316277 -0.057336809 -1.418330230 -0.007403518 0.999971736 -0.001309260 -0.297939882 0.057325610 0.001731565 0.998354033 26.129195707 
0.998399288 0.006504494 -0.056183219 -1.481751158 -0.006758805 0.999967751 -0.004337631 -0.306779474 0.056153193 0.004710419 0.998411053 27.094401649 
0.998438106 0.003718872 -0.055745115 -1.525481483 -0.003895491 0.999987731 -0.003060013 -0.322332923 0.055733052 0.003272389 0.998440343 28.059575234 
0.998441549 0.002801967 -0.055737079 -1.590208760 -0.002712397 0.999994906 0.001682603 -0.335805564 0.055741509 -0.001528799 0.998444063 29.040021408 
0.998398672 -0.001468638 -0.056550284 -1.641271860 0.001775188 0.999984000 0.005370986 -0.350571386 0.056541491 -0.005462773 0.998385305 30.023719344 
0.998300955 -0.009262071 -0.057527544 -1.693734940 0.009568130 0.999941487 0.005047035 -0.361072341 0.057477432 -0.005588890 0.998331162 31.012299012 
0.998193079 -0.011337019 -0.059008883 -1.746571064 0.011422706 0.999934137 0.001114977 -0.365964666 0.058992356 -0.001787003 0.998256835 32.000059459 
0.998126760 -0.010612381 -0.060252368 -1.813020190 0.010456759 0.999941128 -0.002897565 -0.377026115 0.060279571 0.002262093 0.998178970 32.984241392 
0.998029113 -0.009204822 -0.062073828 -1.888006443 0.008997269 0.999952963 -0.003622335 -0.386080484 0.062104251 0.003056700 0.998064987 33.949820016 
0.997992408 -0.009165156 -0.062667002 -1.958257140 0.009039741 0.999956531 -0.002284527 -0.395910596 0.062685216 0.001713447 0.998031877 34.944029680 
0.997938606 -0.005476167 -0.063941770 -2.031358394 0.005501657 0.999984841 0.000222577 -0.406747248 0.063939581 -0.000573904 0.997953606 35.916770099 
0.997880971 -0.005503796 -0.064832670 -2.102778870 0.005624970 0.999982757 0.001686636 -0.418622993 0.064822269 -0.002047744 0.997894724 36.899227077 
0.997789370 -0.004848645 -0.066278677 -2.162672278 0.005130444 0.999978507 0.004082193 -0.419468176 0.066257459 -0.004413208 0.997792800 37.886598695 
0.997819744 -0.004625086 -0.065835913 -2.231771551 0.005104389 0.999961668 0.007113922 -0.428841067 0.065800487 -0.007434464 0.997805104 38.884844999 
0.997792467 0.001637561 -0.066389095 -2.313913277 -0.001020919 0.999956036 0.009321163 -0.435907156 0.066401440 -0.009232808 0.997750271 39.883172838 
0.997800809 0.001333684 -0.066270401 -2.388377417 -0.000737455 0.999959042 0.009020557 -0.446125145 0.066279717 -0.008951848 0.997760925 40.872250721 
0.997791045 0.001271227 -0.066418478 -2.453198892 -0.000793868 0.999973671 0.007213036 -0.447115809 0.066425899 -0.007144375 0.997765783 41.876450792 
0.997792102 0.004060595 -0.066290522 -2.536662105 -0.003745697 0.999981107 0.004873879 -0.451975955 0.066309060 -0.004614814 0.997788461 42.879120579 
0.997739016 0.002838520 -0.067147586 -2.613118716 -0.002511524 0.999984576 0.004953734 -0.456013550 0.067160612 -0.004773891 0.997730756 43.889150414 
0.997646663 0.000696807 -0.068561287 -2.679459449 -0.000263407 0.999979929 0.006330197 -0.462820088 0.068564322 -0.006297240 0.997626823 44.869510269 
0.997617102 0.001425411 -0.068978874 -2.762057422 -0.000938167 0.999974386 0.007095549 -0.465180558 0.068987222 -0.007013928 0.997592887 45.839072542 
0.997616977 0.004002819 -0.068879203 -2.840729167 -0.003757157 0.999986113 0.003695740 -0.479437622 0.068893040 -0.003428143 0.997618162 46.808736803 
0.997577393 0.004865888 -0.069395021 -2.929006343 -0.004901929 0.999987925 -0.000349087 -0.493316688 0.069392485 0.000688411 0.997589199 47.779046402 
0.997497726 0.006513634 -0.070397865 -3.006319937 -0.006670739 0.999975757 -0.001996806 -0.503323393 0.070383151 0.002461416 0.997516994 48.757008945 
0.997494863 0.004975553 -0.070563743 -3.079804516 -0.004879653 0.999986922 0.001531377 -0.515262948 0.070570440 -0.001183214 0.997506097 49.738098363 
0.997488333 0.003272662 -0.070755318 -3.143493974 -0.002933864 0.999983732 0.004891693 -0.534032894 0.070770176 -0.004671820 0.997481707 50.710447495 
0.997455219 0.000897547 -0.071290113 -3.205545732 -0.000475884 0.999982295 0.005931509 -0.549682472 0.071294175 -0.005882488 0.997437987 51.670025944 
0.997436191 -0.002217234 -0.071527124 -3.274462027 0.002558607 0.999985769 0.004681357 -0.560368152 0.071515726 -0.004852364 0.997427669 52.620813802 
0.997416830 -0.004895139 -0.071663830 -3.347264827 0.005157883 0.999980637 0.003481747 -0.570144154 0.071645399 -0.003842387 0.997422765 53.585926848 
0.997321124 -0.006804850 -0.072830422 -3.413837636 0.007160467 0.999963678 0.004622822 -0.576718696 0.072796319 -0.005131938 0.997333625 54.539689276 
0.997198151 -0.009701705 -0.074173608 -3.477152442 0.010382559 0.999907385 0.008799107 -0.588774359 0.074081373 -0.009544565 0.997206524 55.492483703 
0.997115118 -0.011031153 -0.075098302 -3.541308880 0.012125362 0.999826644 0.014130029 -0.596908649 0.074929413 -0.014999860 0.997076019 56.434586821 
0.997072457 -0.009667454 -0.075848903 -3.615292236 0.010943548 0.999805184 0.016426602 -0.600674005 0.075675323 -0.017208569 0.996984007 57.371683735 
0.996991124 -0.008432297 -0.077055789 -3.692223807 0.009417674 0.999878351 0.012433410 -0.603621060 0.076941573 -0.013121686 0.996949254 58.305379128 
0.996885338 -0.006644851 -0.078584152 -3.766925489 0.007048517 0.999963346 0.004860470 -0.609540596 0.078548975 -0.005399233 0.996895635 59.225387682 
0.996838793 -0.004706224 -0.079311240 -3.846203929 0.004705645 0.999988910 -0.000194201 -0.616547839 0.079311274 -0.000179623 0.996849883 60.131006715 
0.996790673 0.000095593 -0.080052145 -3.933153490 -0.000010982 0.999999441 0.001057387 -0.634725876 0.080052201 -0.001053115 0.996790116 61.027216269 
0.996675603 0.003227415 -0.081408387 -4.011829615 -0.002963288 0.999989948 0.003365086 -0.650069546 0.081418429 -0.003112663 0.996675148 61.913436937 
0.996561365 0.005762439 -0.082657370 -4.088441661 -0.005388762 0.999974231 0.004743178 -0.660586071 0.082682572 -0.004281447 0.996566737 62.812151254 
0.996481786 0.006464841 -0.083559889 -4.163427168 -0.006119165 0.999971631 0.004392318 -0.668158983 0.083585914 -0.003865548 0.996493077 63.667045694 
0.996334310 0.007936934 -0.085175986 -4.244505358 -0.007507014 0.999957422 0.005366535 -0.679660244 0.085214953 -0.004707445 0.996351470 64.520101234 
0.996208182 0.008490067 -0.086586245 -4.326567133 -0.007989605 0.999949325 0.006124845 -0.693338639 0.086633857 -0.005409831 0.996225531 65.363253995 
0.996091882 0.008544956 -0.087908738 -4.400134302 -0.007982576 0.999945378 0.006746876 -0.707744407 0.087961588 -0.006018771 0.996105684 66.178840922 
0.995961965 0.008214668 -0.089399571 -4.464912474 -0.007532931 0.999939941 0.007960463 -0.719770748 0.089459594 -0.007254878 0.995964029 66.982231824 
0.995801047 0.010477904 -0.090942225 -4.541679854 -0.009541572 0.999896966 0.010724580 -0.728653464 0.091045226 -0.009811816 0.995798421 67.780165179 
0.995667328 0.012341071 -0.092164362 -4.627948965 -0.011041238 0.999832451 0.014600039 -0.733343791 0.092329100 -0.013519173 0.995636766 68.581725642 
0.995503682 0.015816997 -0.093392941 -4.717052054 -0.014319178 0.999758236 0.016686251 -0.744332281 0.093634289 -0.015273914 0.995489491 69.355037732 
0.995318789 0.018242343 -0.094909036 -4.793453179 -0.017107941 0.999772319 0.012752566 -0.753590558 0.095120063 -0.011069171 0.995404263 70.104900029 
0.995183905 0.018168586 -0.096327034 -4.872193605 -0.017731763 0.999828257 0.005388946 -0.758503907 0.096408400 -0.003654944 0.995335150 70.845433015 
0.995037784 0.017447098 -0.097956153 -4.941714804 -0.017581675 0.999845300 -0.000510755 -0.766177867 0.097932088 0.002230454 0.995190600 71.559203611 
0.995005369 0.018079620 -0.098170483 -5.021608493 -0.018325540 0.999830787 -0.001603845 -0.774467007 0.098124874 0.003394861 0.995168319 72.246061308 
0.994887720 0.021327058 -0.098709579 -5.101025922 -0.021279473 0.999772388 0.001534979 -0.778932382 0.098719848 0.000573356 0.995115100 72.912628630 
0.994777283 0.021340856 -0.099813450 -5.177986312 -0.021030247 0.999770172 0.004163159 -0.796133937 0.099879356 -0.002042314 0.994997459 73.568946082 
0.994733407 0.018068926 -0.100890851 -5.241781830 -0.018075060 0.999836269 0.000853407 -0.808835202 0.100889752 0.000974696 0.994897134 74.220652450 
0.994879899 0.009927439 -0.100575508 -5.308592396 -0.010405669 0.999936907 -0.004231436 -0.822391347 0.100527155 0.005256326 0.994920430 74.832808290 
0.995003732 0.005991633 -0.099657787 -5.366019738 -0.006943999 0.999933456 -0.009212236 -0.831853342 0.099595959 0.009858233 0.994979125 75.437087676 
0.995262827 0.008289389 -0.096866872 -5.424150540 -0.009274626 0.999909697 -0.009725199 -0.837877823 0.096777509 0.010577533 0.995249833 76.022388656 
0.995611894 0.013161759 -0.092648395 -5.490483509 -0.013850071 0.999881027 -0.006790214 -0.850939469 0.092548001 0.008043604 0.995675734 76.589987405 
0.996082274 0.011687290 -0.087655636 -5.547112250 -0.012038721 0.999921471 -0.003481627 -0.864389183 0.087608062 0.004523249 0.996144752 77.151513493 
0.996614209 0.007988181 -0.081830968 -5.587833119 -0.007963006 0.999968094 0.000634008 -0.874098917 0.081833422 0.000019760 0.996646021 77.697822020 
0.997268706 0.003542295 -0.073773841 -5.612108393 -0.003246259 0.999986193 0.004132272 -0.888484045 0.073787460 -0.003881496 0.997266436 78.225824939 
0.997989564 0.007094443 -0.062980146 -5.654250307 -0.006843586 0.999967771 0.004197936 -0.901191011 0.063007898 -0.003758486 0.998005951 78.750357739 
0.998770859 0.012459002 -0.047974408 -5.679130313 -0.012312235 0.999918578 0.003353575 -0.902780056 0.048012284 -0.002758781 0.998842935 79.258763106 
0.999396404 0.017655693 -0.029918304 -5.691354189 -0.017553485 0.999839170 0.003675474 -0.904771379 0.029978386 -0.003148085 0.999545590 79.756765824 
0.999835260 0.016239505 -0.008107536 -5.678516411 -0.016206566 0.999860209 0.004112020 -0.907617447 0.008173180 -0.003979947 0.999958679 80.235393495 
0.999754839 0.012636028 0.018182209 -5.646572570 -0.012729348 0.999906347 0.005025963 -0.913892009 -0.018116998 -0.005256178 0.999822058 80.710787847 
0.998795407 0.011622133 0.047672431 -5.603512350 -0.011934883 0.999909050 0.006280996 -0.919311588 -0.047595096 -0.006842394 0.998843275 81.164148417 
0.996686239 0.010783460 0.080624171 -5.547711197 -0.011459508 0.999902915 0.007927169 -0.930261761 -0.080530862 -0.008824813 0.996713049 81.603648025 
0.992921780 0.011039903 0.118255910 -5.471524254 -0.012077006 0.999894610 0.008056957 -0.930944010 -0.118154499 -0.009428105 0.992950465 82.045082909 
0.987059894 0.011372073 0.159948247 -5.377877015 -0.012797300 0.999887035 0.007883256 -0.934819146 -0.159840529 -0.009828152 0.987093923 82.477954472 
0.978648679 0.011185370 0.205235598 -5.266184763 -0.013083957 0.999883225 0.007895967 -0.943468778 -0.205123313 -0.010412671 0.978680746 82.895298063 
0.967224522 0.013158491 0.253581501 -5.121883302 -0.015080017 0.999870411 0.005635175 -0.948867415 -0.253474489 -0.009274493 0.967297611 83.299499074 
0.951646070 0.013765291 0.306888047 -4.972757370 -0.015469995 0.999875456 0.003122910 -0.964964078 -0.306806838 -0.007719462 0.951740497 83.677418022 
0.931798193 0.013945805 0.362708758 -4.792460638 -0.015288269 0.999882782 0.000831001 -0.972269955 -0.362654653 -0.006319515 0.931902177 84.046385810 
0.907275214 0.014324914 0.420293330 -4.601537932 -0.015356573 0.999881649 -0.000929305 -0.981607648 -0.420256900 -0.005611130 0.907387819 84.394999485 
0.878012736 0.015016388 0.478401656 -4.378786844 -0.015092201 0.999879312 -0.003686088 -0.980150119 -0.478399270 -0.003983702 0.878133400 84.731724891 
0.844329534 0.013759444 0.535647566 -4.137453316 -0.012370615 0.999904349 -0.006185507 -0.985134785 -0.535681440 -0.001403683 0.844418986 85.040225008 
0.807300935 0.013117234 0.589994184 -3.878762161 -0.011174530 0.999913476 -0.006940561 -1.001775976 -0.590034176 -0.000989787 0.807377663 85.325706449 
0.767152204 0.011410744 0.641363618 -3.603621601 -0.010132954 0.999932586 -0.005669884 -1.016925824 -0.641385078 -0.002149244 0.767216112 85.593757640 
0.724057324 0.010822592 0.689654887 -3.312899110 -0.011219377 0.999929406 -0.003912618 -1.023380519 -0.689648546 -0.004904538 0.724127633 85.846284233 
0.678922358 0.009631771 0.734146893 -2.998874733 -0.010276861 0.999940657 -0.003615092 -1.029405586 -0.734138146 -0.005090359 0.678981053 86.071793276 
0.632534818 0.008298559 0.774487468 -2.678414996 -0.007075572 0.999962786 -0.004935786 -1.037536438 -0.774499606 -0.002357886 0.632569997 86.269508530 
0.585870032 0.006166050 0.810381568 -2.339976239 -0.001800358 0.999978489 -0.006307080 -1.042939683 -0.810403026 0.002236152 0.585868531 86.450356792 
0.538416418 0.008200460 0.842639017 -2.004376755 -0.003486275 0.999965768 -0.007503938 -1.050753744 -0.842671708 0.001102572 0.538426576 86.631261075 
0.491091013 0.010999359 0.871038823 -1.662548113 -0.006583776 0.999938585 -0.008915160 -1.056059877 -0.871083389 -0.001356569 0.491133270 86.791835039 
0.446108678 0.013193825 0.894881540 -1.320417251 -0.007503137 0.999911326 -0.011001948 -1.066537341 -0.894947345 -0.001806355 0.446168115 86.918730096 
0.403530822 0.010671988 0.914903811 -0.969736407 -0.000443737 0.999934141 -0.011468116 -1.073893374 -0.914965944 0.004221761 0.403508981 87.028712711 
0.363813547 0.003253308 0.931466113 -0.594919048 0.014779067 0.999847862 -0.009264575 -1.076073984 -0.931354542 0.017136778 0.363710116 87.124986645 
0.328730269 -0.000527582 0.944423703 -0.228611098 0.019279247 0.999795210 -0.006152109 -1.079924230 -0.944227049 0.020230163 0.328673120 87.211336491 
0.295591342 0.003528394 0.955307966 0.136987240 0.016791716 0.999819500 -0.008888487 -1.087846008 -0.955166895 0.018668620 0.295478740 87.305788156 
0.264691013 0.010950378 0.964271101 0.505053796 0.005825225 0.999899125 -0.012953990 -1.104598975 -0.964315682 0.009045901 0.264600524 87.402352846 
0.236007025 0.015480052 0.971628042 0.889505875 0.001017609 0.999868623 -0.016177159 -1.122939819 -0.971750816 0.004806661 0.235960266 87.493975841 
0.210393699 0.017123927 0.977466758 1.284647963 0.001464161 0.999839943 -0.017831027 -1.142480611 -0.977615644 0.005182704 0.210334952 87.558018466 
0.186696580 0.018562584 0.982242240 1.700387046 0.008994558 0.999747275 -0.020603009 -1.152664854 -0.982376448 0.012681346 0.186482435 87.616345128 
0.166647172 0.024971954 0.985700320 2.116495016 0.015874518 0.999481728 -0.028004917 -1.153150757 -0.985888797 0.020314457 0.166164385 87.661656962 
0.147076966 0.031776664 0.988614490 2.538075854 0.017924045 0.999234087 -0.034784580 -1.155024602 -0.988962636 0.022835981 0.146394751 87.708047998 
0.129358350 0.032624933 0.991061063 2.981064341 0.015800589 0.999263892 -0.034957337 -1.167494676 -0.991472016 0.020181372 0.128747635 87.761616916 
0.113899459 0.028156538 0.993093209 3.422003667 0.013805083 0.999456950 -0.029920292 -1.192005686 -0.993396362 0.017117639 0.113448903 87.804904025 
0.099324787 0.024818134 0.994745519 3.897632259 0.014540264 0.999545978 -0.026389739 -1.215518368 -0.994948827 0.017085017 0.098918829 87.851231627 
0.086457567 0.022161837 0.996009007 4.380867731 0.017311100 0.999568188 -0.023743704 -1.233594950 -0.996105122 0.019294834 0.086036588 87.877565544 
0.074726297 0.021403848 0.996974351 4.880373161 0.020672703 0.999521521 -0.023008015 -1.251706891 -0.996989779 0.022329458 0.074248067 87.903160623 
0.064609039 0.022098281 0.997665945 5.390314370 0.023579499 0.999441840 -0.023664630 -1.265436285 -0.997632036 0.025053412 0.064051911 87.922571849 
0.056541512 0.022555717 0.998145429 5.917620291 0.025356292 0.999389858 -0.024020186 -1.284350567 -0.998078211 0.026667405 0.055935085 87.949106581 
0.051428738 0.022858832 0.998415023 6.463206668 0.027970261 0.999312861 -0.024320147 -1.299384999 -0.998284904 0.029176683 0.050754032 87.965681485 
0.046124312 0.024063371 0.998645834 7.040312880 0.029727779 0.999233970 -0.025450575 -1.313962955 -0.998493268 0.030861413 0.045373629 87.982841024 
0.040167656 0.024671017 0.998888332 7.620674989 0.030188364 0.999208798 -0.025892877 -1.332855989 -0.998736813 0.031194861 0.039391097 88.002268120 
0.035991241 0.024934531 0.999040990 8.232649518 0.031807697 0.999153609 -0.026083240 -1.348974209 -0.998845784 0.032715961 0.035167668 88.014301650 
0.032951205 0.024836060 0.999148331 8.858831817 0.033743816 0.999093629 -0.025947548 -1.372058432 -0.998887167 0.034570081 0.032083276 88.030201510 
0.029732176 0.024505948 0.999257452 9.498822432 0.033972070 0.999097089 -0.025512829 -1.390949132 -0.998980428 0.034705397 0.028872812 88.051038693 
0.027174114 0.023964675 0.999343415 10.158650290 0.035456014 0.999060441 -0.024922008 -1.409674714 -0.999001721 0.036109968 0.026298890 88.067115351 
0.026517024 0.023745000 0.999366310 10.833458672 0.038888090 0.998936600 -0.024766640 -1.428581508 -0.998891668 0.039520185 0.025565428 88.081702292 
0.027583434 0.023356289 0.999346606 11.525048058 0.042880703 0.998779100 -0.024526596 -1.449513486 -0.998699354 0.043529212 0.026548223 88.097196600 
0.029737713 0.023307800 0.999285953 12.228200222 0.043687795 0.998742435 -0.024595226 -1.471998795 -0.998602546 0.044388005 0.028682049 88.121993956 
0.033325399 0.022899940 0.999182171 12.939197769 0.046504964 0.998619080 -0.024438099 -1.498142979 -0.998362012 0.047281340 0.032214419 88.149568978 
0.037649744 0.022411197 0.999039656 13.662272028 0.046608556 0.998621059 -0.024158294 -1.522306593 -0.998203456 0.047473350 0.036553273 88.180395881 
0.041630132 0.020645040 0.998919774 14.411202090 0.047876506 0.998596795 -0.022633626 -1.545536090 -0.997985357 0.048767030 0.040583304 88.213039749 
0.045739216 0.018881499 0.998774956 15.167938680 0.047797644 0.998634836 -0.021067758 -1.570617158 -0.997809255 0.048702712 0.044774283 88.249326331 
0.049257159 0.016880645 0.998643468 15.946331947 0.044797519 0.998813614 -0.019093117 -1.594045224 -0.997780995 0.045677223 0.048442510 88.305730866 
0.053765683 0.015775373 0.998428960 16.746385790 0.044767232 0.998831782 -0.018192466 -1.610956851 -0.997549571 0.045675032 0.052996653 88.347807749 
0.057485353 0.016707115 0.998206545 17.553712715 0.041619352 0.998950646 -0.019116371 -1.631244968 -0.997478453 0.042643621 0.056729691 88.413057083 
0.060527968 0.020989477 0.997945794 18.355286297 0.040118780 0.998919865 -0.023443272 -1.649912375 -0.997359939 0.041455342 0.059620517 88.468754722 
0.061804855 0.025488566 0.997762744 19.137424455 0.034401551 0.999025481 -0.027651774 -1.688292038 -0.997495210 0.036033600 0.060867779 88.523696309 
0.061922016 0.028957041 0.997660841 19.944841173 0.032314959 0.998996821 -0.031001517 -1.706320240 -0.997557721 0.034159046 0.060924152 88.575320756 
0.062018502 0.028359488 0.997672013 20.763667227 0.030052778 0.999089926 -0.030267970 -1.739408828 -0.997622442 0.031859989 0.061109779 88.631368227 
0.062303359 0.026645244 0.997701520 21.586803847 0.027234898 0.999225928 -0.028386690 -1.772198170 -0.997685598 0.028940886 0.061529451 88.688077902 
0.061754279 0.025396380 0.997768226 22.404988830 0.028112114 0.999235359 -0.027173650 -1.803568928 -0.997695403 0.029727463 0.060993114 88.751037620 
0.062356817 0.024720418 0.997747728 23.241816097 0.025873475 0.999317193 -0.026376333 -1.833860799 -0.997718493 0.027459945 0.061674636 88.804713299 
0.062447658 0.025162601 0.997730993 24.064924951 0.024574603 0.999340278 -0.026741303 -1.862494034 -0.997745648 0.026188775 0.061788099 88.863407843 
0.063031709 0.025507291 0.997685512 24.885462212 0.021114522 0.999415503 -0.026885493 -1.899239462 -0.997788144 0.022760292 0.062456293 88.916348967 
0.061946619 0.026738042 0.997721250 25.702777858 0.018859243 0.999431267 -0.027954803 -1.929063974 -0.997901270 0.020547973 0.061407129 88.973178183 
0.059476552 0.026181201 0.997886308 26.525816792 0.015499781 0.999511261 -0.027147661 -1.962833997 -0.998109361 0.017081669 0.059041681 89.030288177 
0.055549742 0.024702867 0.998150287 27.340861078 0.013260385 0.999587472 -0.025476411 -1.995825242 -0.998367862 0.014651065 0.055199256 89.083054811 
0.050820955 0.022274024 0.998459362 28.154427464 0.011105802 0.999676841 -0.022866462 -2.026977471 -0.998646029 0.012250787 0.050557160 89.129451445 
0.044517603 0.020099974 0.998806375 28.972849913 0.008814082 0.999750757 -0.020511830 -2.058570260 -0.998969717 0.009716699 0.044329345 89.172776838 
0.037188728 0.020019383 0.999107713 29.781390795 0.008083416 0.999760578 -0.020333345 -2.090943051 -0.999275566 0.008832374 0.037017999 89.203338413 
0.028511437 0.021104439 0.999370652 30.589790378 0.008381628 0.999736901 -0.021351296 -2.112843661 -0.999558326 0.008985109 0.028327046 89.228679805 
0.018538677 0.021310181 0.999601017 31.387080674 0.008990524 0.999728861 -0.021479645 -2.138757362 -0.999787721 0.009385142 0.018342061 89.243646188 
0.008545546 0.020519222 0.999752937 32.188082691 0.010117195 0.999736496 -0.020605363 -2.164859256 -0.999912304 0.010290780 0.008335698 89.247505051 
-0.002185005 0.019589158 0.999805726 32.983344649 0.009643706 0.999762033 -0.019567226 -2.189892150 -0.999951111 0.009599078 -0.002373397 89.245778082 
-0.013286240 0.018446854 0.999741561 33.773958720 0.011245906 0.999769331 -0.018297912 -2.214764371 -0.999848491 0.010999889 -0.013490627 89.232534217 
-0.024366055 0.019003145 0.999522474 34.558098129 0.012267432 0.999749721 -0.018708413 -2.237256437 -0.999627833 0.011805724 -0.024593077 89.213068326 
-0.035384303 0.019526432 0.999183001 35.340664044 0.011980261 0.999745548 -0.019113165 -2.262694519 -0.999301969 0.011294167 -0.035609231 89.182700030 
-0.046390535 0.020840584 0.998705957 36.139513971 0.011704799 0.999725047 -0.020318154 -2.281301076 -0.998854802 0.010747082 -0.046621714 89.160351191 
-0.056508318 0.022079169 0.998157964 36.921284109 0.012642976 0.999691107 -0.021397330 -2.301068889 -0.998322075 0.011410560 -0.056770009 89.116309304 
-0.065908506 0.022900531 0.997562847 37.690854959 0.014036021 0.999658968 -0.022021297 -2.318796850 -0.997726946 0.012550422 -0.066207462 89.062326999 
-0.075492759 0.023982207 0.996857912 38.442783459 0.017067237 0.999595365 -0.022755550 -2.328201000 -0.997000277 0.015295731 -0.075871522 89.000817353 
-0.085060053 0.023910344 0.996088893 39.197897608 0.016858911 0.999603445 -0.022555058 -2.363258598 -0.996233188 0.014874440 -0.085429424 88.939750293 
-0.093582521 0.023756403 0.995328059 39.934220540 0.018953564 0.999576622 -0.022075759 -2.378120342 -0.995431100 0.016799109 -0.093993168 88.866700429 
-0.101111384 0.022270614 0.994625813 40.658184783 0.019900012 0.999594671 -0.020358882 -2.409917124 -0.994676067 0.017734551 -0.101513586 88.790444928 
-0.105796914 0.020980997 0.994166390 41.384268110 0.024704014 0.999524262 -0.018465125 -2.418875116 -0.994080844 0.022606347 -0.106264897 88.704281996 
-0.109240464 0.020066569 0.993812786 42.091810440 0.028755237 0.999441582 -0.017019431 -2.427732477 -0.993599344 0.026718112 -0.109756481 88.616376777 
-0.112150405 0.019471607 0.993500450 42.785010548 0.031359427 0.999379350 -0.016046847 -2.427779367 -0.993196291 0.029355944 -0.112691417 88.541553588 
-0.113651319 0.018718865 0.993344342 43.451526993 0.031987660 0.999373093 -0.015172675 -2.442996825 -0.993005623 0.030050367 -0.114178843 88.454828317 
-0.114370530 0.019698168 0.993242853 44.118896411 0.034158427 0.999290185 -0.015884805 -2.447403205 -0.992850736 0.032110860 -0.114962206 88.378749099 
-0.113472677 0.020449758 0.993330639 44.771299345 0.033647207 0.999293756 -0.016728848 -2.472420460 -0.992971207 0.031524535 -0.114080615 88.304177512 
-0.109636485 0.023545620 0.993692832 45.361362189 0.038285168 0.999077563 -0.019449118 -2.452968519 -0.993234155 0.035911364 -0.110436800 88.215028505 
-0.104060933 0.024157636 0.994277492 45.991599890 0.038134480 0.999066748 -0.020282850 -2.472609304 -0.993839566 0.035805603 -0.104885057 88.148655818 
-0.096175359 0.024386463 0.995065626 46.588329245 0.037411360 0.999082016 -0.020869001 -2.501748345 -0.994661093 0.035219675 -0.096999402 88.097421740 
-0.084975411 0.024252250 0.996087852 47.183264432 0.036067398 0.999123421 -0.021249279 -2.525092917 -0.995730045 0.034120630 -0.085775638 88.057762844 
-0.071486900 0.024499397 0.997140613 47.755113388 0.035063348 0.999142146 -0.022034816 -2.548833073 -0.996825052 0.033387888 -0.072284605 88.026835141 
-0.054246532 0.025785606 0.998194578 48.307209940 0.033366497 0.999155050 -0.023997127 -2.572590647 -0.997969935 0.032004495 -0.055061071 88.009718522 
-0.033101850 0.028024181 0.999059014 48.845426072 0.032191082 0.999118078 -0.026959249 -2.600078451 -0.998933432 0.031268390 -0.033974786 88.010064666 
-0.008305928 0.031151552 0.999480161 49.385444561 0.029600735 0.999084283 -0.030893224 -2.620678495 -0.999527292 0.029328750 -0.009220430 88.019014272 
0.019964058 0.032712092 0.999265408 49.903453779 0.028004897 0.999054146 -0.033264679 -2.648187915 -0.999408406 0.028648423 0.019029076 88.046940531 
0.053177723 0.032462333 0.998057276 50.398924946 0.025500487 0.999101379 -0.033854990 -2.664979566 -0.998259413 0.027251278 0.052302131 88.087757585 
0.091800877 0.028671392 0.995364531 50.905017058 0.023137765 0.999254101 -0.030917390 -2.707558687 -0.995508535 0.025868754 0.091069011 88.146627721 
0.134075225 0.024722183 0.990662732 51.424463804 0.020506676 0.999405481 -0.027715712 -2.729383682 -0.990758957 0.024031190 0.133488545 88.239422303 
0.179671764 0.019703894 0.983529264 51.924590358 0.017182009 0.999584009 -0.023164353 -2.760032537 -0.983576553 0.021060988 0.179258470 88.355427502 
0.228436005 0.016082815 0.973426081 52.400719245 0.011952688 0.999741853 -0.019322564 -2.784742642 -0.973485555 0.016049027 0.228184802 88.491472614 
0.279321901 0.014876365 0.960082272 52.888696428 0.008515975 0.999802270 -0.017969420 -2.796284103 -0.960159754 0.013195289 0.279139984 88.670264342 
0.333694572 0.014934399 0.942562940 53.363682398 0.007816033 0.999796299 -0.018608332 -2.804410843 -0.942648843 0.013576602 0.333509871 88.872721384 
0.391307364 0.015498880 0.920129519 53.807026610 0.009148676 0.999743239 -0.020730609 -2.819359918 -0.920214567 0.016530007 0.391065097 89.096690833 
0.451526910 0.018968383 0.892055856 54.232987391 0.009798425 0.999608307 -0.026214957 -2.831862984 -0.892203699 0.020577501 0.451164189 89.340184216 
0.511561154 0.022701577 0.858946927 54.638536778 0.010221535 0.999419407 -0.032501818 -2.845857643 -0.859186072 0.025406424 0.511032101 89.608882104 
0.569725612 0.027057380 0.821389448 55.014876593 0.005865420 0.999298563 -0.036986208 -2.857826594 -0.821814044 0.025889784 0.569167283 89.913720601 
0.625448570 0.030362296 0.779674430 55.359989688 0.001313178 0.999200235 -0.039964551 -2.871877323 -0.780264290 0.026019623 0.624908487 90.244150864 
0.678296809 0.031190834 0.734125719 55.689024821 -0.000623897 0.999122733 -0.041873324 -2.889973165 -0.734787759 0.027944523 0.677721221 90.592815252 
0.727297961 0.029803802 0.685674419 55.984754730 -0.001812998 0.999136617 -0.041505821 -2.905234426 -0.686319451 0.028943972 0.726724059 90.955970893 
0.772396590 0.027023128 0.634565409 56.242798294 -0.004853370 0.999316429 -0.036648592 -2.920684364 -0.635121998 0.025227467 0.771999755 91.336917653 
0.813480237 0.023161644 0.581131174 56.481069868 -0.006872699 0.999519751 -0.030216441 -2.929620203 -0.581551949 0.020586538 0.813248747 91.744745521 
0.849832489 0.020182369 0.526666320 56.702423471 -0.009186957 0.999681985 -0.023484654 -2.946153214 -0.526972808 0.015119561 0.849747644 92.174805728 
0.880662139 0.016554259 0.473455545 56.894596789 -0.010133343 0.999818881 -0.016109663 -2.960474106 -0.473636477 0.009389483 0.880670384 92.618159306 
0.906025961 0.016593223 0.422896705 57.046010752 -0.013507480 0.999855795 -0.010292590 -2.979937055 -0.423006508 0.003613084 0.906119440 93.053115131 
0.925806621 0.018400517 0.377549364 57.181057094 -0.017090506 0.999830687 -0.006820030 -2.991630691 -0.377610932 -0.000138481 0.925964343 93.504367464 
0.940981461 0.024077239 0.337600617 57.301784242 -0.024173330 0.999700097 -0.003919906 -3.002556956 -0.337593750 -0.004472372 0.941281285 93.959862803 
0.952653540 0.028279203 0.302740021 57.410954100 -0.028183182 0.999591788 -0.004686698 -3.007926304 -0.302748975 -0.004067377 0.953061653 94.419095866 
0.961924604 0.029736431 0.271692475 57.523287060 -0.029561605 0.999551735 -0.004737216 -3.007584154 -0.271711553 -0.003474821 0.962372463 94.890259853 
0.968051180 0.023489201 0.249650097 57.635572499 -0.023087604 0.999723150 -0.004537213 -3.013907897 -0.249687557 -0.001371568 0.968325484 95.361499165 
0.971950224 0.020219358 0.234315896 57.742764579 -0.019847134 0.999795236 -0.003946775 -3.019994221 -0.234347718 -0.000814430 0.972152500 95.848971430 
0.974803076 0.024217998 0.221748622 57.837113670 -0.023854072 0.999706119 -0.004319565 -3.025740868 -0.221788065 -0.001078882 0.975094298 96.343837127 
0.976809914 0.029559751 0.212058043 57.931017621 -0.029413591 0.999559933 -0.003844494 -3.026616252 -0.212078365 -0.002482048 0.977249511 96.845768750 
0.977863060 0.036522862 0.206033776 58.023361892 -0.036202716 0.999330280 -0.005324869 -3.023103476 -0.206090271 -0.002251990 0.978530392 97.353215884 
0.978343608 0.042150962 0.202650144 58.127863861 -0.041233069 0.999111232 -0.008750993 -3.032241398 -0.202838898 0.000205591 0.979212101 97.871854156 
0.978368124 0.043573032 0.202230574 58.232417236 -0.042177557 0.999047278 -0.011206725 -3.043958976 -0.202526215 0.002434711 0.979273815 98.412618047 
0.977744965 0.043378740 0.205263414 58.341213628 -0.041239229 0.999041278 -0.014691869 -3.056728904 -0.205703938 0.005899996 0.978596485 98.979607109 
0.976983678 0.042357010 0.209066442 58.466506797 -0.038854156 0.999027651 -0.020835231 -3.072798659 -0.209745675 0.012232581 0.977679455 99.532330455 
0.976123011 0.042233031 0.213073317 58.594807359 -0.037589303 0.998960157 -0.025800191 -3.077497218 -0.213941375 0.017174883 0.976695506 100.092460389 
0.974900680 0.046620884 0.217704287 58.714759427 -0.042026555 0.998786189 -0.025688876 -3.086983452 -0.218637673 0.015894741 0.975676650 100.668919505 
0.973438709 0.049823141 0.223460813 58.840226345 -0.046188427 0.998702072 -0.021466275 -3.103493500 -0.224240294 0.010574799 0.974476508 101.267174509 
0.972500089 0.047026059 0.228105517 58.992131040 -0.044386614 0.998874997 -0.016690384 -3.123650707 -0.228633780 0.006106569 0.973493351 101.879749401 
0.971798029 0.042598127 0.231935315 59.145563120 -0.041140357 0.999091487 -0.011120806 -3.135084736 -0.232198324 0.001265276 0.972667640 102.490089554 
0.971066683 0.039888704 0.235453579 59.303674621 -0.039471185 0.999199645 -0.006488014 -3.147274686 -0.235523931 -0.002993337 0.971863940 103.115536074 
0.970364534 0.035352298 0.239045782 59.455403909 -0.035004454 0.999370891 -0.005701739 -3.158589690 -0.239096966 -0.002834902 0.970991557 103.756163013 
0.970372204 0.031613630 0.239537816 59.616691012 -0.030426112 0.999499548 -0.008654815 -3.171713788 -0.239691548 0.001110187 0.970848458 104.399573190 
0.970516070 0.031002486 0.239034315 59.774800257 -0.027980783 0.999480000 -0.016025169 -3.181793788 -0.239406838 0.008864317 0.970878875 105.045849443 
0.970736584 0.032959742 0.237874209 59.939162968 -0.028423215 0.999343242 -0.022476757 -3.197399358 -0.238458811 0.015057860 0.971035868 105.711392758 
0.971194238 0.035904454 0.235568722 60.089461628 -0.030557653 0.999186674 -0.026310098 -3.210794405 -0.236321777 0.018353788 0.971501496 106.386529028 
0.971820425 0.034670418 0.233158795 60.255204094 -0.030322908 0.999293460 -0.022205898 -3.221064885 -0.233763946 0.014510093 0.972185103 107.081517983 
0.972296943 0.030088974 0.231804461 60.424793514 -0.027463892 0.999516986 -0.014544079 -3.241519873 -0.232130112 0.007774911 0.972653670 107.789189051 
0.972780369 0.030876005 0.229662854 60.585326652 -0.029717529 0.999522177 -0.008502127 -3.261558986 -0.229815627 0.001445690 0.973233111 108.510625941 
0.973102309 0.034062744 0.227841230 60.745824388 -0.032811865 0.999418492 -0.009276784 -3.275799377 -0.228024731 0.001551364 0.973654105 109.235590487 
0.973397613 0.039486703 0.225694235 60.900752867 -0.037336997 0.999207618 -0.013787106 -3.288394483 -0.226059806 0.004993591 0.974100625 109.968990977 
0.974302338 0.039842122 0.221692487 61.063246394 -0.036514250 0.999150758 -0.019091163 -3.303676240 -0.222264849 0.010505630 0.974929725 110.700641234 
0.975167813 0.038937804 0.218017392 61.221028815 -0.035024414 0.999148942 -0.021787181 -3.321804964 -0.218680192 0.013610227 0.975701663 111.440922737 
0.976059541 0.036629015 0.214397031 61.382443360 -0.033011839 0.999246156 -0.020428835 -3.338680825 -0.214983697 0.012862119 0.976532936 112.212175003 
0.976970323 0.033092445 0.210793447 61.558352929 -0.029897360 0.999384941 -0.018327222 -3.360577188 -0.211270289 0.011602985 0.977358806 112.997320778 
0.977337702 0.032024457 0.209249731 61.714227007 -0.029453618 0.999447643 -0.015391352 -3.384804900 -0.209627050 0.008879387 0.977741099 113.771257970 
0.977761573 0.028429363 0.207783728 61.893650000 -0.026303546 0.999569635 -0.012987211 -3.400234600 -0.208063523 0.007232947 0.978088572 114.574262276 
0.977938650 0.023812478 0.207530629 62.064637645 -0.021867870 0.999692878 -0.011659624 -3.419608931 -0.207744536 0.006864144 0.978159032 115.371609864 
0.978103981 0.023431040 0.206793590 62.242476249 -0.021822914 0.999711293 -0.010054452 -3.442231591 -0.206969473 0.005321461 0.978332929 116.183542294 
0.977790581 0.029376275 0.207515336 62.394339136 -0.027501462 0.999550758 -0.011914336 -3.454933331 -0.207772111 0.005942751 0.978159207 117.005907150 
0.977480335 0.035125377 0.208082684 62.556066197 -0.032702884 0.999351472 -0.015071753 -3.477186660 -0.208477138 0.007927439 0.977995112 117.819462765 
0.976992432 0.044050166 0.208675275 62.717318447 -0.041473405 0.998999871 -0.016709728 -3.492921088 -0.209202639 0.007670804 0.977842224 118.640197649 
0.975986154 0.049994822 0.212017793 62.875487064 -0.047620658 0.998732606 -0.016292765 -3.507573848 -0.212563637 0.005805086 0.977129982 119.492879930 
0.975249844 0.052011495 0.214901250 63.052816793 -0.050080027 0.998641010 -0.014426502 -3.528721283 -0.215359545 0.003307184 0.976529226 120.324323678 
0.974687031 0.052759142 0.217259439 63.239800973 -0.050727066 0.998601045 -0.014923731 -3.554128316 -0.217742866 0.003525033 0.975999804 121.157644010 
0.974332674 0.050912184 0.219280164 63.424054926 -0.048206776 0.998680995 -0.017674162 -3.571638009 -0.219890763 0.006649724 0.975501837 122.013174883 
0.974356513 0.044973526 0.220469426 63.619837341 -0.042317478 0.998963665 -0.016757913 -3.588507515 -0.220994608 0.006998472 0.975249919 122.855273316 
0.974459072 0.038792142 0.221189254 63.809801949 -0.035752895 0.999203386 -0.017729192 -3.621106726 -0.221700805 0.009368216 0.975069736 123.686331787 
0.974209699 0.037973562 0.222426326 63.997423665 -0.034831699 0.999230490 -0.018032765 -3.643316093 -0.222939935 0.009820207 0.974782719 124.506935945 
0.973675420 0.040810852 0.224255772 64.190857971 -0.038404039 0.999148415 -0.015085583 -3.664352213 -0.224680454 0.006076134 0.974413554 125.359050449 
0.973124474 0.043345612 0.226163470 64.370085581 -0.042299777 0.999060076 -0.009470681 -3.683457938 -0.226361406 -0.000350513 0.974043321 126.201234960 
0.972844643 0.046412638 0.226757950 64.558425745 -0.046497295 0.998906047 -0.004971028 -3.705642427 -0.226740606 -0.005707593 0.973938458 127.040781512 
