0.00592965 -0.999981 -0.0015959 -0.821901 -0.0175995 0.00149132 -0.999844 0.268478 0.999828 0.00595681 -0.0175903 -1.0924
0.0213095 -0.999768 -0.00324809 -0.826161 -0.0186313 0.00285115 -0.999822 0.271166 0.999599 0.0213663 -0.0185662 -0.952607
0.0419054 -0.999101 -0.00636776 -0.829421 -0.0182788 0.00560565 -0.999817 0.273555 0.998954 0.0420141 -0.0180275 -0.793291
0.0685648 -0.997611 -0.00840453 -0.827416 -0.016987 0.00725572 -0.999829 0.27481 0.997502 0.0686958 -0.016449 -0.608398
0.101934 -0.994753 -0.00869042 -0.816615 -0.0147123 0.00722749 -0.999866 0.273304 0.994682 0.102048 -0.0138984 -0.405795
0.139672 -0.990177 -0.00637382 -0.794781 -0.0124735 0.00467699 -0.999911 0.27071 0.990119 0.139739 -0.0116977 -0.187017
0.179054 -0.983832 -0.00373929 -0.758752 -0.0118693 0.0016403 -0.999928 0.269932 0.983768 0.179086 -0.0113837 0.0462494
0.222016 -0.975034 -0.00415283 -0.716947 -0.010608 0.00184347 -0.999942 0.272299 0.974985 0.222047 -0.00993387 0.294809
0.269845 -0.962891 -0.00501067 -0.664576 -0.00824097 0.00289409 -0.999962 0.274085 0.962869 0.269876 -0.0071542 0.560508
0.317575 -0.948229 -0.0028258 -0.590925 -0.00113766 0.00259905 -0.999996 0.264899 0.948233 0.317577 -0.000253376 0.8344
0.364393 -0.931223 0.00635984 -0.485522 0.00734691 -0.00395442 -0.999965 0.249622 0.931216 0.364427 0.00540065 1.11186
0.414649 -0.909909 0.0114961 -0.369193 0.0119255 -0.00719866 -0.999903 0.244889 0.909903 0.414746 0.00786619 1.3969
0.46631 -0.884537 0.0122526 -0.239306 0.0155204 -0.00566801 -0.999864 0.245232 0.884486 0.466436 0.0110853 1.69013
0.516803 -0.855995 0.0137232 -0.0830722 0.0203471 -0.00374397 -0.999786 0.246548 0.855863 0.516971 0.0154821 1.9877
0.566698 -0.823729 0.0179834 0.0989456 0.0246156 -0.00489009 -0.999685 0.247422 0.823558 0.566962 0.0175054 2.28414
0.61578 -0.787586 0.0228584 0.30756 0.0281141 -0.00702992 -0.99958 0.247631 0.787416 0.616164 0.0178134 2.57867
0.661577 -0.749408 0.0265283 0.543253 0.030939 -0.00806796 -0.999489 0.25311 0.749239 0.662059 0.0178483 2.87067
0.704172 -0.70943 0.0291785 0.804317 0.0320055 -0.00933836 -0.999444 0.264839 0.709308 0.704714 0.0161298 3.15911
0.744172 -0.667291 0.0305202 1.09403 0.0329324 -0.00898418 -0.999417 0.279961 0.667176 0.744743 0.0152897 3.44855
0.780567 -0.624338 0.0302667 1.4078 0.0352793 -0.00434023 -0.999368 0.297666 0.624075 0.781142 0.0186384 3.73716
0.812408 -0.582285 0.0306127 1.75417 0.0366608 -0.00138862 -0.999327 0.314015 0.581936 0.812983 0.0202189 4.01739
0.839836 -0.541931 0.031419 2.13239 0.0375381 0.000237898 -0.999295 0.3307 0.541542 0.840423 0.0205428 4.28609
0.863669 -0.502939 0.0335827 2.53914 0.0397372 0.00151824 -0.999209 0.344405 0.50249 0.864321 0.0212966 4.54829
0.884484 -0.465391 0.0331423 2.97616 0.0397226 0.00433643 -0.999201 0.365038 0.464876 0.885094 0.022322 4.80471
0.902816 -0.428817 0.0322386 3.44165 0.0383685 0.00565573 -0.999248 0.387589 0.428312 0.903374 0.0215591 5.05151
0.918252 -0.39481 0.0306353 3.93632 0.0351747 0.00426337 -0.999372 0.41127 0.394431 0.918753 0.0178022 5.28462
0.930541 -0.365048 0.0288765 4.45951 0.0318497 0.00212472 -0.99949 0.436438 0.364801 0.930986 0.0136038 5.5062
0.940322 -0.339223 0.0268592 5.0103 0.0288111 0.000718217 -0.999585 0.462043 0.339063 0.940706 0.0104488 5.72196
0.947618 -0.31834 0.0260566 5.5851 0.0273245 -0.000482712 -0.999627 0.485957 0.318234 0.947976 0.00824108 5.93164
0.952573 -0.303152 0.0265424 6.18678 0.0273966 -0.00143551 -0.999624 0.50736 0.303076 0.952941 0.0069379 6.1347
0.956153 -0.291516 0.0280925 6.81097 0.0285326 -0.00274228 -0.999589 0.527253 0.291474 0.956562 0.00569569 6.33581
0.959373 -0.280538 0.0300497 7.45934 0.0308557 -0.00154452 -0.999523 0.549321 0.28045 0.959842 0.00717442 6.54043
0.962355 -0.269932 0.0317771 8.13344 0.0330362 0.000121558 -0.999454 0.574161 0.26978 0.96288 0.00903449 6.74628
0.965075 -0.259826 0.0334623 8.82842 0.0348871 0.000872784 -0.999391 0.600295 0.259639 0.965655 0.00990689 6.94893
0.967701 -0.24961 0.0353693 9.54735 0.0370192 0.00191676 -0.999313 0.62783 0.24937 0.968345 0.0110952 7.14943
0.97031 -0.239017 0.037014 10.2865 0.0386272 0.00206711 -0.999251 0.658301 0.238762 0.971013 0.0112383 7.34682
0.972733 -0.228775 0.0381201 11.0436 0.039651 0.0020973 -0.999211 0.691854 0.228515 0.973477 0.0111113 7.54037
0.97502 -0.218248 0.0412887 11.8197 0.0430957 0.00352378 -0.999065 0.726431 0.217899 0.975887 0.0128413 7.73109
0.97734 -0.206971 0.0443712 12.6053 0.0464872 0.00536916 -0.998904 0.763943 0.206506 0.978332 0.014869 7.91718
0.979615 -0.194838 0.0489216 13.3995 0.0511525 0.0064323 -0.99867 0.799956 0.194264 0.980814 0.0162676 8.09438
0.981968 -0.181954 0.0513068 14.2012 0.0535421 0.00739099 -0.998538 0.838925 0.181309 0.983279 0.0169999 8.26185
0.984434 -0.167909 0.0519236 15.0067 0.0540102 0.00788124 -0.998509 0.879438 0.167249 0.985771 0.0168273 8.41954
0.986826 -0.153563 0.0509114 15.8208 0.0529504 0.00921455 -0.998555 0.92397 0.152872 0.988096 0.0172244 8.56683
0.98929 -0.137176 0.0498755 16.6427 0.0517077 0.00982368 -0.998614 0.966598 0.136496 0.990498 0.0168115 8.70172
0.991968 -0.116933 0.0482339 17.4724 0.050005 0.0122585 -0.998674 1.00894 0.116186 0.993064 0.0180073 8.825
0.994674 -0.0917491 0.0469739 18.3133 0.0487048 0.0167172 -0.998673 1.0532 0.0908421 0.995642 0.0210968 8.93511
0.996992 -0.0618668 0.0466911 19.1615 0.0480723 0.0210269 -0.998622 1.09676 0.0607998 0.997863 0.0239378 9.02588
0.998508 -0.0289531 0.0462895 20.021 0.0469981 0.0242889 -0.9986 1.13887 0.0277882 0.999286 0.0256134 9.08927
0.998927 0.00529527 0.0460114 20.885 0.0458577 0.0261893 -0.998605 1.17696 -0.00649289 0.999643 0.0259184 9.12252
0.998217 0.03925 0.0449753 21.7511 0.0439318 0.0270552 -0.998668 1.21417 -0.0404146 0.998863 0.0252826 9.12483
0.996479 0.07203 0.0429054 22.6185 0.0409188 0.0288342 -0.998746 1.25168 -0.0731769 0.996986 0.0257853 9.09866
0.993722 0.104331 0.0403967 23.485 0.037293 0.0315301 -0.998807 1.28852 -0.10548 0.994043 0.0274413 9.04521
0.989946 0.136731 0.0362154 24.3505 0.032488 0.0293953 -0.99904 1.32003 -0.137664 0.990172 0.0246576 8.95978
0.985253 0.16833 0.0306885 25.2131 0.0270207 0.0240374 -0.999346 1.34675 -0.168958 0.985438 0.0191346 8.84089
0.979757 0.198756 0.0239296 26.0683 0.0207404 0.0181124 -0.999621 1.368 -0.199114 0.979882 0.0136235 8.69521
0.973593 0.227524 0.0186901 26.9199 0.0163852 0.0120151 -0.999794 1.3827 -0.227701 0.973698 0.00796983 8.52176
0.966721 0.255512 0.0128063 27.7711 0.0122198 0.00388287 -0.999918 1.38965 -0.255541 0.966798 0.000631355 8.31679
0.959474 0.281774 0.00364999 28.6098 0.00445389 -0.00221259 -0.999988 1.39389 -0.281762 0.959478 -0.00337791 8.09172
0.951567 0.307221 -0.0116708 29.4351 -0.0100109 -0.00697817 -0.999926 1.39925 -0.30728 0.951613 -0.00356462 7.84743
0.942827 0.332005 -0.0291713 30.2509 -0.0279376 -0.00848947 -0.999574 1.40348 -0.332111 0.94324 0.00127132 7.58753
0.933012 0.35708 -0.0445294 31.0574 -0.0443965 -0.00857361 -0.998977 1.39819 -0.357097 0.934034 0.00785382 7.31116
0.922604 0.381813 -0.05497 31.8594 -0.0545057 -0.0120403 -0.998441 1.3687 -0.381879 0.924161 0.00970256 7.00922
0.912269 0.405338 -0.0588751 32.6502 -0.0577648 -0.0149828 -0.998218 1.32527 -0.405497 0.914044 0.00974588 6.68549
0.901989 0.427796 -0.0583583 33.4311 -0.0559213 -0.0182722 -0.998268 1.27328 -0.428122 0.90369 0.00744166 6.34288
0.892358 0.448066 -0.0541692 34.1998 -0.0496831 -0.0217698 -0.998528 1.21652 -0.448586 0.893735 0.00283489 5.98079
0.883277 0.466014 -0.0515025 34.9518 -0.0432894 -0.0283188 -0.998661 1.15915 -0.466849 0.884324 -0.00483982 5.60086
0.875729 0.479878 -0.0530626 35.6888 -0.0427823 -0.0323425 -0.998561 1.111 -0.480903 0.876739 -0.00779304 5.21025
0.869321 0.491056 -0.0560772 36.4108 -0.0444436 -0.0353341 -0.998387 1.0702 -0.492246 0.870411 -0.00889238 4.81683
0.863454 0.500944 -0.059184 37.1202 -0.0467663 -0.0373244 -0.998208 1.03157 -0.502255 0.864675 -0.00880067 4.41894
0.857255 0.511491 -0.059078 37.8268 -0.0498817 -0.0316983 -0.998252 0.99557 -0.51247 0.858703 -0.00165942 4.02197
0.850455 0.523024 -0.0563183 38.5324 -0.048061 -0.0293585 -0.998413 0.952273 -0.523848 0.851812 0.000168977 3.61805
0.844901 0.531743 -0.05824 39.2247 -0.0486681 -0.0320106 -0.998302 0.909832 -0.532705 0.8463 -0.00116682 3.19328
0.840158 0.538844 -0.0615051 39.9161 -0.0501785 -0.0356887 -0.998102 0.865207 -0.540016 0.841649 -0.00294581 2.75891
0.837344 0.542819 -0.0648328 40.6148 -0.0535698 -0.03655 -0.997895 0.825298 -0.544046 0.839054 -0.00152621 2.31694
0.837292 0.542667 -0.0667421 41.3209 -0.0558805 -0.0364956 -0.99777 0.786903 -0.543893 0.839155 -0.000232939 1.86498
0.839273 0.539517 -0.0673874 42.0396 -0.0553882 -0.0384569 -0.997724 0.739197 -0.540881 0.841096 -0.00239296 1.40423
0.842972 0.533933 -0.0656839 42.7753 -0.0544592 -0.0367732 -0.997839 0.693146 -0.535195 0.844727 -0.00192123 0.941432
0.847267 0.52721 -0.0647205 43.5291 -0.0546252 -0.0347162 -0.997903 0.648863 -0.528351 0.849026 -0.000614928 0.479683
0.851592 0.520254 -0.064237 44.3005 -0.0551001 -0.0330254 -0.997934 0.604086 -0.521301 0.853373 0.000541924 0.0148343
0.855454 0.514063 -0.0627482 45.0903 -0.055016 -0.0302701 -0.998026 0.558585 -0.514948 0.857218 0.00238705 -0.451994
0.858249 0.509615 -0.060834 45.9019 -0.0552552 -0.0260934 -0.998131 0.51216 -0.51025 0.860007 0.00576419 -0.920269
0.85936 0.508098 -0.0577647 46.7354 -0.0543978 -0.0214889 -0.998288 0.462018 -0.50847 0.861031 0.00917273 -1.39234
0.859274 0.508541 -0.0550854 47.5842 -0.0532024 -0.0182538 -0.998417 0.410438 -0.508741 0.860844 0.0113706 -1.8726
0.858741 0.5096 -0.0535815 48.4444 -0.0523849 -0.01671 -0.998487 0.357765 -0.509725 0.860249 0.0123458 -2.36228
0.858521 0.510037 -0.0529638 49.3124 -0.05172 -0.0166321 -0.998523 0.306394 -0.510164 0.859992 0.0121001 -2.85913
0.858453 0.510234 -0.0521588 50.1932 -0.0508262 -0.0165657 -0.99857 0.256066 -0.510368 0.859876 0.0117123 -3.36563
0.858472 0.510256 -0.0516219 51.0841 -0.0500937 -0.016748 -0.998604 0.204482 -0.510408 0.85986 0.0111829 -3.87747
0.858456 0.510335 -0.0511061 51.9797 -0.0496853 -0.0164272 -0.99863 0.152932 -0.510475 0.859819 0.0112541 -4.39312
0.858406 0.510571 -0.0495639 52.8824 -0.0488752 -0.0147766 -0.998696 0.10044 -0.510638 0.859708 0.0122699 -4.90944
0.858482 0.510539 -0.0485624 53.7816 -0.0480134 -0.014265 -0.998745 0.04605 -0.510591 0.859736 0.0122665 -5.42597
0.858831 0.510011 -0.0479407 54.6792 -0.0479887 -0.0130728 -0.998762 -0.00889149 -0.510006 0.860069 0.0132474 -5.94115
0.859594 0.508858 -0.046497 55.5742 -0.0465901 -0.012566 -0.998835 -0.0644222 -0.50885 0.860758 0.0129061 -6.45458
0.860911 0.506821 -0.0443232 56.4682 -0.0437911 -0.0129764 -0.998956 -0.121457 -0.506867 0.861954 0.0110228 -6.96674
0.862399 0.504416 -0.0428217 57.361 -0.0418321 -0.0132917 -0.999036 -0.175837 -0.504499 0.863359 0.00963798 -7.47557
0.863764 0.502106 -0.0424444 58.2514 -0.0412203 -0.0135426 -0.999058 -0.227004 -0.502208 0.8647 0.00899933 -7.98019
0.864991 0.49994 -0.0430111 59.1415 -0.0414748 -0.0141907 -0.999039 -0.277459 -0.50007 0.865943 0.00846011 -8.48303
0.865481 0.499062 -0.0433549 60.0326 -0.0419495 -0.0140382 -0.999021 -0.326964 -0.499182 0.866453 0.00878558 -8.98252
0.865109 0.499587 -0.0447131 60.9193 -0.0438623 -0.0134519 -0.998947 -0.376782 -0.499663 0.866159 0.0102757 -9.47653
0.863379 0.50242 -0.0463752 61.8054 -0.0465802 -0.0121513 -0.998841 -0.425416 -0.502401 0.864538 0.0129117 -9.96899
0.860786 0.506798 -0.0469418 62.6857 -0.0479569 -0.0110582 -0.998788 -0.475965 -0.506703 0.861994 0.0147857 -10.4627
0.857645 0.512208 -0.0456938 63.5639 -0.0462706 -0.0116321 -0.998861 -0.530465 -0.512157 0.858783 0.013724 -10.9634
0.854495 0.517676 -0.043015 64.4316 -0.0423933 -0.0130348 -0.999016 -0.59125 -0.517728 0.855477 0.0108079 -11.4718
0.851444 0.522857 -0.0407766 65.2932 -0.0413977 -0.0105031 -0.999088 -0.643477 -0.522808 0.852356 0.0127022 -11.9774
0.848285 0.527746 -0.0435607 66.1442 -0.0434227 -0.01266 -0.998977 -0.695365 -0.527757 0.849308 0.0121769 -12.4879
0.845169 0.532517 -0.0459808 66.9873 -0.0461472 -0.0130055 -0.99885 -0.745199 -0.532503 0.846319 0.0135823 -13
0.842087 0.537389 -0.0458588 67.8281 -0.0471444 -0.0113608 -0.998823 -0.796863 -0.537277 0.843258 0.015768 -13.5135
0.839652 0.541154 -0.0462373 68.6595 -0.0482948 -0.0104036 -0.998779 -0.84873 -0.540974 0.840859 0.0173995 -14.0304
0.837603 0.544396 -0.0453342 69.4849 -0.046844 -0.0111041 -0.998841 -0.902035 -0.544268 0.838755 0.0162008 -14.5505
0.836286 0.546871 -0.0394743 70.3094 -0.0391639 -0.0122312 -0.999158 -0.957653 -0.546893 0.837128 0.0111888 -15.0766
0.835285 0.548974 -0.0304476 71.13 -0.0286365 -0.0118646 -0.999519 -1.01255 -0.549071 0.835755 0.00581041 -15.6014
0.834288 0.550725 -0.0258134 71.9453 -0.0235324 -0.0112068 -0.99966 -1.05343 -0.550827 0.834612 0.00361017 -16.1244
0.833314 0.551797 -0.033304 72.7474 -0.0316792 -0.0124792 -0.99942 -1.08024 -0.551893 0.833885 0.00708134 -16.6438
0.832378 0.552815 -0.0392672 73.5429 -0.037662 -0.0142657 -0.999189 -1.11366 -0.552927 0.833182 0.00894564 -17.1643
0.831852 0.553263 -0.0438521 74.3375 -0.0394778 -0.0198271 -0.999024 -1.15504 -0.553592 0.832771 0.00534841 -17.6878
0.832002 0.553006 -0.0442419 75.1306 -0.0375469 -0.0234346 -0.99902 -1.2057 -0.553501 0.832848 0.00126608 -18.2112
0.832506 0.552466 -0.0414172 75.9253 -0.0346951 -0.0226219 -0.999142 -1.25028 -0.552929 0.833229 0.000335026 -18.7288
0.833178 0.551748 -0.0372551 76.719 -0.0303477 -0.0216479 -0.999305 -1.29033 -0.552171 0.83373 -0.00129224 -19.2447
0.833963 0.550968 -0.0306385 77.5144 -0.0244159 -0.0186255 -0.999528 -1.33127 -0.551279 0.834318 -0.00208058 -19.7571
0.834488 0.550506 -0.0239309 78.3089 -0.0219728 -0.0101505 -0.999707 -1.35916 -0.550588 0.834769 0.00362562 -20.2584
0.835549 0.549063 -0.0197023 79.1031 -0.0216881 -0.00287067 -0.999761 -1.37805 -0.548988 0.835776 0.00950954 -20.759
0.836857 0.547078 -0.0194038 79.8888 -0.0198486 -0.00509855 -0.99979 -1.40701 -0.547062 0.837066 0.00659195 -21.266
0.83881 0.543982 -0.0219438 80.6699 -0.0201197 -0.00930509 -0.999754 -1.43755 -0.544053 0.839045 0.00313957 -21.7724
0.841901 0.53898 -0.026522 81.4503 -0.0239627 -0.0117599 -0.999644 -1.45907 -0.5391 0.842236 0.00301473 -22.2717
0.846666 0.53132 -0.0292703 82.2294 -0.0235523 -0.0175351 -0.999569 -1.48527 -0.531604 0.84699 -0.00233253 -22.7683
0.851627 0.523226 -0.0310783 83.0134 -0.0214847 -0.0243967 -0.999471 -1.51867 -0.523708 0.851845 -0.00953559 -23.2608
0.857533 0.51346 -0.0315702 83.8007 -0.0229874 -0.0230612 -0.99947 -1.53424 -0.513916 0.857804 -0.00797263 -23.7348
0.86398 0.502653 -0.0296254 84.5963 -0.0221256 -0.0208804 -0.999537 -1.55061 -0.503039 0.864236 -0.00691876 -24.1962
0.870708 0.491106 -0.0261335 85.3926 -0.0183618 -0.0206388 -0.999618 -1.57134 -0.491458 0.870855 -0.00895283 -24.6518
0.876942 0.479957 -0.0247751 86.1909 -0.0171059 -0.0203466 -0.999647 -1.58978 -0.480291 0.877056 -0.00963273 -25.0922
0.883328 0.468127 -0.0242765 86.9982 -0.0162831 -0.021115 -0.999644 -1.60323 -0.468474 0.883409 -0.0110289 -25.5239
0.889539 0.456142 -0.0255776 87.8037 -0.0167072 -0.0234691 -0.999585 -1.62201 -0.456553 0.889597 -0.0132558 -25.9456
0.895582 0.444005 -0.0281473 88.6133 -0.0201406 -0.0227401 -0.999538 -1.64245 -0.44444 0.895736 -0.0114231 -26.3518
0.900908 0.432246 -0.0390833 89.4217 -0.0306616 -0.0264385 -0.99918 -1.65783 -0.432926 0.901368 -0.0105653 -26.7476
0.906606 0.41962 -0.0445531 90.2352 -0.0366726 -0.0268326 -0.998967 -1.67768 -0.420382 0.907303 -0.00893802 -27.1337
0.912084 0.407986 -0.0406273 91.0602 -0.0333237 -0.0249959 -0.999132 -1.71349 -0.408647 0.912646 -0.00920276 -27.505
0.917487 0.39606 -0.0368006 91.8886 -0.0298291 -0.023749 -0.999273 -1.75037 -0.396646 0.917917 -0.0099753 -27.8672
0.921687 0.386105 -0.0376205 92.7178 -0.0320693 -0.0208108 -0.999269 -1.78017 -0.386606 0.92222 -0.00679897 -28.2151
0.924529 0.37886 -0.041377 93.5494 -0.0378847 -0.0166713 -0.999143 -1.80622 -0.379225 0.925304 -0.00106008 -28.549
0.926284 0.373893 -0.046933 94.3876 -0.0461708 -0.011 -0.998873 -1.83034 -0.373988 0.927407 0.0070738 -28.8753
0.927599 0.370374 -0.0488155 95.229 -0.0492956 -0.00817535 -0.998751 -1.86792 -0.37031 0.928847 0.0106744 -29.2005
0.929087 0.366672 -0.0484789 96.0711 -0.0496945 -0.0061298 -0.998746 -1.9126 -0.366509 0.93033 0.0125265 -29.5234
0.930973 0.361806 -0.0488457 96.9095 -0.0498577 -0.00654434 -0.998735 -1.9573 -0.361668 0.93223 0.0119462 -29.8439
0.933309 0.356154 -0.0456964 97.7518 -0.0472032 -0.00446376 -0.998875 -2.00464 -0.355957 0.934417 0.0126455 -30.1596
0.935519 0.350878 -0.0410889 98.599 -0.0426187 -0.00336519 -0.999086 -2.056 -0.350695 0.936415 0.0118057 -30.4692
0.937768 0.34512 -0.038502 99.4426 -0.0401171 -0.00246387 -0.999192 -2.10425 -0.344936 0.938555 0.0115347 -30.7712
0.939921 0.339416 -0.0366795 100.289 -0.0408592 0.00517381 -0.999152 -2.13986 -0.338938 0.940622 0.0187312 -31.0595
0.942068 0.333366 -0.0370758 101.134 -0.0439523 0.0131063 -0.998948 -2.1729 -0.33253 0.942706 0.0269993 -31.3403
0.944303 0.326629 -0.0400793 101.975 -0.0465719 0.0120779 -0.998842 -2.21552 -0.325766 0.945076 0.0266169 -31.6229
0.94657 0.319465 -0.0441323 102.817 -0.0496607 0.00917591 -0.998724 -2.25801 -0.318653 0.947554 0.0245505 -31.9055
0.948846 0.312852 -0.0426065 103.666 -0.0481608 0.0100439 -0.998789 -2.30207 -0.312045 0.949749 0.0245973 -32.1767
0.951291 0.306009 -0.0374789 104.517 -0.0428844 0.0109583 -0.99902 -2.35334 -0.305299 0.951966 0.0235475 -32.4464
0.953656 0.298932 -0.0343614 105.373 -0.0398581 0.0123084 -0.99913 -2.40251 -0.298248 0.954195 0.0236528 -32.7087
0.955532 0.292492 -0.0375051 106.224 -0.0434445 0.0138345 -0.99896 -2.43866 -0.291669 0.956168 0.0259265 -32.9627
0.957323 0.286207 -0.0402257 107.078 -0.0461134 0.0138584 -0.99884 -2.48058 -0.285318 0.958068 0.0264649 -33.2091
0.959231 0.279492 -0.0419452 107.934 -0.0480671 0.0150828 -0.99873 -2.52304 -0.278505 0.960029 0.0279022 -33.4509
0.961255 0.272666 -0.0405286 108.794 -0.0466186 0.0158912 -0.998786 -2.57089 -0.271691 0.961978 0.0279868 -33.6865
0.963466 0.264711 -0.0407509 109.651 -0.0457046 0.0125788 -0.998876 -2.62026 -0.263901 0.964246 0.0242178 -33.9219
0.965542 0.256898 -0.0416096 110.51 -0.0454253 0.00893384 -0.998928 -2.66861 -0.256251 0.966397 0.0202957 -34.1528
0.967274 0.250225 -0.0420518 111.371 -0.0453036 0.0072473 -0.998947 -2.71436 -0.249657 0.968161 0.0183462 -34.3721
0.968991 0.243629 -0.0412541 112.236 -0.0457853 0.012963 -0.998867 -2.75407 -0.242818 0.969782 0.0237156 -34.5783
0.970501 0.237821 -0.0396025 113.103 -0.0449005 0.0168994 -0.998848 -2.79564 -0.236877 0.971162 0.0270792 -34.7778
0.971678 0.233042 -0.039161 113.971 -0.0438109 0.0148083 -0.99893 -2.84213 -0.232213 0.972354 0.0245986 -34.9803
0.972803 0.228279 -0.0392834 114.839 -0.0434449 0.0132311 -0.998968 -2.88755 -0.227524 0.973506 0.0227888 -35.179
0.973772 0.223653 -0.041801 115.706 -0.0457495 0.0125 -0.998875 -2.9312 -0.222879 0.974589 0.0224041 -35.3728
0.975168 0.217777 -0.0402657 116.576 -0.0427703 0.00679737 -0.999062 -2.97885 -0.217299 0.975975 0.0159429 -35.57
0.976397 0.212417 -0.0390999 117.444 -0.039937 -0.000349989 -0.999202 -3.02695 -0.212261 0.977179 0.00814156 -35.7655
0.977512 0.207441 -0.0379323 118.312 -0.0381706 -0.00285535 -0.999267 -3.0744 -0.207397 0.978243 0.00512698 -35.9496
0.978313 0.20322 -0.040061 119.183 -0.0406174 -0.00143395 -0.999174 -3.10981 -0.20311 0.979132 0.00685143 -36.1238
0.978981 0.199591 -0.041945 120.051 -0.0427835 -0.000112394 -0.999084 -3.14379 -0.199413 0.979879 0.00842916 -36.2943
0.979405 0.197719 -0.0409074 120.923 -0.0422557 0.00260311 -0.999103 -3.18505 -0.197436 0.980255 0.0109043 -36.4601
0.979639 0.196836 -0.0395504 121.795 -0.0409784 0.00318565 -0.999155 -3.22603 -0.196543 0.980431 0.0111868 -36.6252
0.979997 0.195661 -0.0363615 122.664 -0.0373157 0.00119159 -0.999303 -3.26855 -0.195481 0.980671 0.00846898 -36.7954
0.980417 0.194559 -0.0304992 123.538 -0.0315289 0.0021972 -0.9995 -3.31178 -0.194395 0.980888 0.00828841 -36.964
0.980661 0.193761 -0.0275717 124.405 -0.0286307 0.00266685 -0.999587 -3.34953 -0.193607 0.981045 0.00816279 -37.1298
0.980782 0.192327 -0.0328084 125.262 -0.0338513 0.00213762 -0.999425 -3.37745 -0.192146 0.981329 0.00860705 -37.2958
0.980642 0.192262 -0.0371102 126.119 -0.0381826 0.00187415 -0.999269 -3.40636 -0.192051 0.981342 0.00917892 -37.4598
0.980649 0.192432 -0.036021 126.977 -0.0376529 0.00482872 -0.999279 -3.43845 -0.192119 0.981298 0.0119809 -37.6201
0.980791 0.191793 -0.0355619 127.834 -0.0374804 0.00638341 -0.999277 -3.47889 -0.191427 0.981415 0.0134493 -37.781
0.980901 0.19137 -0.0347953 128.686 -0.0361703 0.00369569 -0.999339 -3.5219 -0.191115 0.981511 0.010547 -37.946
0.980992 0.190292 -0.0379959 129.532 -0.03937 0.00344476 -0.999219 -3.55331 -0.190012 0.981722 0.0108711 -38.1078
0.980866 0.190604 -0.0396463 130.379 -0.0426379 0.0116185 -0.999023 -3.58607 -0.189957 0.981598 0.0195231 -38.2496
0.980868 0.19044 -0.040389 131.219 -0.0446694 0.0182356 -0.998835 -3.62062 -0.189482 0.981529 0.0263935 -38.3926
0.980797 0.189936 -0.0442997 132.055 -0.0481761 0.0158379 -0.998713 -3.66102 -0.18899 0.981669 0.0246841 -38.543
0.980854 0.18956 -0.0446465 132.885 -0.0482165 0.0142609 -0.998735 -3.70655 -0.188683 0.981766 0.0231277 -38.6946
0.9811 0.187851 -0.0464226 133.707 -0.0501052 0.0149007 -0.998633 -3.74843 -0.186903 0.982084 0.0240314 -38.8432
0.981495 0.18601 -0.0454717 134.531 -0.0477019 0.00752926 -0.998833 -3.79916 -0.185451 0.982519 0.016263 -38.998
0.982284 0.182416 -0.0429244 135.344 -0.0439101 0.00136617 -0.999035 -3.84981 -0.182181 0.983221 0.00935187 -39.1523
0.982892 0.180414 -0.0370698 136.164 -0.0372377 -0.00245729 -0.999303 -3.90181 -0.180379 0.983588 0.00430294 -39.3005
0.983553 0.17681 -0.0368992 136.972 -0.0368407 -0.00361461 -0.999315 -3.94099 -0.176822 0.984238 0.00295866 -39.4408
0.984281 0.171616 -0.0416892 137.772 -0.0413176 -0.00573815 -0.99913 -3.97812 -0.171706 0.985147 0.00144282 -39.5787
0.985217 0.165429 -0.0445114 138.566 -0.0440888 -0.00622781 -0.999008 -4.01275 -0.165542 0.986202 0.00115783 -39.7095
0.986485 0.15699 -0.0469236 139.358 -0.0463666 -0.0072107 -0.998898 -4.04467 -0.157155 0.987574 0.00016582 -39.8335
0.98819 0.147396 -0.0418931 140.15 -0.0411334 -0.00819953 -0.99912 -4.09158 -0.14761 0.989043 -0.00203977 -39.9486
0.98997 0.135528 -0.039887 140.936 -0.038625 -0.0119294 -0.999183 -4.13893 -0.135893 0.990702 -0.00657497 -40.0591
0.991632 0.121762 -0.0429062 141.714 -0.0411605 -0.0168167 -0.999011 -4.17705 -0.122364 0.992417 -0.0116642 -40.1626
0.99323 0.107465 -0.0441039 142.49 -0.0425711 -0.0165175 -0.998957 -4.21079 -0.108081 0.994072 -0.0118307 -40.2512
0.994642 0.0935194 -0.04407 143.267 -0.0425375 -0.018319 -0.998927 -4.24831 -0.0942264 0.995449 -0.0142428 -40.329
0.995746 0.0797603 -0.0461252 144.034 -0.0447016 -0.0195437 -0.998809 -4.28672 -0.0805668 0.996623 -0.0158952 -40.3978
0.99649 0.066066 -0.0514111 144.796 -0.0504001 -0.016881 -0.998586 -4.32308 -0.0668404 0.997672 -0.013492 -40.454
0.996702 0.0533021 -0.0611899 145.551 -0.0607078 -0.0106191 -0.998099 -4.35223 -0.0538506 0.998522 -0.00734827 -40.4911
0.996797 0.0396735 -0.0694405 146.301 -0.0692326 -0.00659394 -0.997579 -4.3864 -0.0400354 0.999191 -0.00382612 -40.5216
0.997121 0.0260528 -0.0712107 147.057 -0.0710792 -0.0059432 -0.997453 -4.43424 -0.0264097 0.999643 -0.00407427 -40.5446
0.997647 0.0141869 -0.0670764 147.815 -0.0670503 -0.00230567 -0.997747 -4.49067 -0.0143096 0.999897 -0.001349 -40.5527
0.997962 0.00337291 -0.0637189 148.566 -0.0637263 0.00214754 -0.997965 -4.54683 -0.00322921 0.999992 0.00235811 -40.5462
0.997542 -0.0058975 -0.0698269 149.308 -0.0697934 0.00571069 -0.997545 -4.59371 0.00628178 0.999966 0.00528504 -40.5303
0.996845 -0.0127487 -0.0783447 150.047 -0.0782437 0.00824276 -0.9969 -4.63512 0.0133549 0.999885 0.00721925 -40.5083
0.996507 -0.0161503 -0.0819388 150.793 -0.0817541 0.0117844 -0.996583 -4.67922 0.0170607 0.9998 0.0104228 -40.4775
0.996788 -0.0161582 -0.0784394 151.548 -0.0782217 0.0136921 -0.996842 -4.74079 0.0171812 0.999776 0.0123842 -40.4496
0.99726 -0.0144286 -0.0725548 152.302 -0.0723172 0.0163635 -0.997247 -4.80983 0.0155761 0.999762 0.0152752 -40.422
0.997499 -0.0115354 -0.0697394 153.057 -0.0695657 0.0148291 -0.997467 -4.86861 0.0125404 0.999823 0.0139895 -40.3945
0.997499 -0.00879029 -0.0701368 153.807 -0.0700268 0.0122607 -0.99747 -4.9195 0.00962797 0.999886 0.0116144 -40.3698
0.997502 -0.00521909 -0.0704437 154.555 -0.0703834 0.0109644 -0.99746 -4.97553 0.0059782 0.999926 0.0105697 -40.3512
0.997684 -0.00036487 -0.0680249 155.31 -0.0680154 0.0122016 -0.99761 -5.03407 0.00119401 0.999925 0.0121485 -40.3273
0.997587 0.00482634 -0.0692545 156.061 -0.0693082 0.0120073 -0.997523 -5.08351 -0.00398283 0.999916 0.0123128 -40.3122
0.997678 0.0107966 -0.0672535 156.812 -0.0673948 0.0133019 -0.997638 -5.13846 -0.00987651 0.999853 0.0139986 -40.2992
0.997845 0.0167684 -0.0634405 157.56 -0.063644 0.0118947 -0.997902 -5.20086 -0.0159786 0.999789 0.0129363 -40.2915
0.997685 0.0219567 -0.0643662 158.299 -0.0646381 0.0119058 -0.997838 -5.24952 -0.0211429 0.999688 0.0132975 -40.2875
0.997478 0.0274156 -0.0654629 159.035 -0.0658486 0.0134083 -0.997739 -5.29753 -0.0264759 0.999534 0.0151798 -40.2856
0.997225 0.0316039 -0.0674126 159.765 -0.0678888 0.0142457 -0.997591 -5.34957 -0.0305674 0.999399 0.0163517 -40.2882
0.997009 0.0342282 -0.0692957 160.488 -0.0698219 0.0144234 -0.997455 -5.40261 -0.0331416 0.99931 0.0167701 -40.2958
0.996803 0.035951 -0.0713585 161.205 -0.071818 0.0116537 -0.99735 -5.4514 -0.0350241 0.999286 0.0141984 -40.3088
0.996907 0.0354265 -0.0701591 161.923 -0.0704895 0.00816237 -0.997479 -5.50889 -0.0347646 0.999339 0.0106343 -40.3221
0.997311 0.0316311 -0.0661012 162.634 -0.0663142 0.00573156 -0.997782 -5.57031 -0.0311821 0.999483 0.00781374 -40.3368
0.997564 0.024465 -0.0653349 163.336 -0.0654689 0.00471384 -0.997843 -5.62705 -0.0241042 0.99969 0.00630405 -40.3454
0.997696 0.0134408 -0.0665043 164.027 -0.066535 0.00184655 -0.997782 -5.67942 -0.0132882 0.999908 0.00273658 -40.3542
0.997775 -0.00109852 -0.0666697 164.711 -0.0666706 -0.000808094 -0.997775 -5.72828 0.0010422 0.999999 -0.000879532 -40.355
0.997754 -0.0164199 -0.0649438 165.389 -0.0649595 -0.00041992 -0.997888 -5.77462 0.0163579 0.999865 -0.0014856 -40.3419
0.997686 -0.0324065 -0.0597758 166.06 -0.0596477 0.00490823 -0.998207 -5.82003 0.0326418 0.999463 0.0029639 -40.3121
0.997377 -0.0489203 -0.053343 166.727 -0.0531165 0.00591958 -0.998571 -5.87077 0.0491661 0.998785 0.00330558 -40.2769
0.996747 -0.0659415 -0.0463361 167.39 -0.0460195 0.00631347 -0.998921 -5.91807 0.0661628 0.997804 0.00325834 -40.235
0.995745 -0.0836152 -0.0387406 168.044 -0.0383349 0.00645303 -0.999244 -5.96265 0.083802 0.996477 0.00322019 -40.1818
0.994352 -0.100962 -0.0327239 168.692 -0.0320109 0.00867384 -0.99945 -6.00167 0.101191 0.994852 0.00539295 -40.1156
0.992468 -0.118799 -0.0298944 169.328 -0.0289696 0.00950435 -0.999535 -6.03423 0.119027 0.992873 0.00599123 -40.0407
0.990155 -0.136964 -0.028893 169.962 -0.0281502 0.00735787 -0.999577 -6.06112 0.137118 0.990549 0.00342988 -39.9586
0.987604 -0.154425 -0.0281271 170.579 -0.0270985 0.00876255 -0.999594 -6.08 0.154609 0.987966 0.00446925 -39.8642
0.984937 -0.170655 -0.0278686 171.196 -0.0260548 0.0128595 -0.999578 -6.09691 0.170942 0.985247 0.0082194 -39.755
0.982425 -0.185128 -0.0238359 171.807 -0.0213063 0.0156419 -0.999651 -6.11443 0.185436 0.98259 0.0114226 -39.6399
0.98009 -0.197534 -0.0201014 172.421 -0.0179444 0.0127038 -0.999758 -6.13649 0.197741 0.980214 0.00890626 -39.5213
0.977834 -0.208548 -0.0186955 173.029 -0.0170801 0.00954445 -0.999808 -6.15539 0.208686 0.977966 0.00577088 -39.3952
0.975591 -0.218481 -0.0221022 173.626 -0.0195343 0.0139065 -0.999712 -6.16476 0.218725 0.975742 0.00929921 -39.2521
0.973405 -0.227278 -0.0287519 174.215 -0.0251355 0.0187906 -0.999507 -6.17122 0.227706 0.973649 0.0125782 -39.1032
0.97087 -0.236459 -0.0387149 174.8 -0.0354096 0.0182104 -0.999207 -6.1752 0.236976 0.971471 0.00930703 -38.9603
0.968494 -0.244931 -0.0450311 175.389 -0.0431842 0.0129083 -0.998984 -6.18574 0.245263 0.969455 0.0019245 -38.8171
0.96683 -0.251625 -0.0438677 175.979 -0.0423811 0.011327 -0.999037 -6.2001 0.25188 0.967758 0.000287097 -38.6648
0.965574 -0.257533 -0.0366618 176.576 -0.0341045 0.0143918 -0.999315 -6.22637 0.257884 0.966162 0.00511334 -38.4954
0.964754 -0.261845 -0.0262239 177.176 -0.0222994 0.0179486 -0.99959 -6.25573 0.262208 0.964943 0.011477 -38.3223
0.964364 -0.264024 -0.0171506 177.778 -0.0122431 0.0202216 -0.999721 -6.28585 0.264297 0.964304 0.0162685 -38.1464
0.964096 -0.265073 -0.0160097 178.375 -0.0121537 0.0161807 -0.999795 -6.30257 0.265277 0.964093 0.0123781 -37.9771
0.963675 -0.26642 -0.0187104 178.971 -0.0159041 0.0126872 -0.999793 -6.31176 0.266603 0.963773 0.00798918 -37.808
0.963238 -0.268047 -0.0180158 179.567 -0.0162249 0.00889516 -0.999829 -6.31682 0.268161 0.963365 0.00421913 -37.6407
0.962777 -0.269774 -0.0168295 180.165 -0.0143211 0.0112638 -0.999834 -6.31966 0.269919 0.962858 0.00698111 -37.4675
0.96209 -0.272428 -0.0128585 180.764 -0.0102183 0.0111077 -0.999886 -6.33129 0.27254 0.962112 0.0079029 -37.291
0.961251 -0.275576 -0.00739578 181.372 -0.00453396 0.0110205 -0.999929 -6.34826 0.275637 0.961216 0.00934402 -37.107
0.960063 -0.279755 -0.00412272 181.983 -0.00145114 0.00975616 -0.999951 -6.36071 0.279782 0.960022 0.00896056 -36.9206
0.958255 -0.285904 -0.00245533 182.595 -0.000250119 0.00774936 -0.99997 -6.36804 0.285915 0.958227 0.00735436 -36.731
0.955837 -0.293897 0.000688165 183.206 0.00248891 0.00575317 -0.99998 -6.37512 0.293887 0.95582 0.00623058 -36.5398
0.952859 -0.303401 0.00283049 183.814 0.00405755 0.00341404 -0.999986 -6.3791 0.303387 0.952857 0.00448417 -36.3454
0.949247 -0.314529 0.00124617 184.418 0.00278639 0.00444733 -0.999986 -6.37801 0.314519 0.949237 0.00509801 -36.142
0.945345 -0.326062 -0.00244923 185.019 -0.000529733 0.00597555 -0.999982 -6.37576 0.326071 0.945329 0.00547624 -35.9257
0.941262 -0.337624 -0.0059592 185.626 -0.00387785 0.00683881 -0.999969 -6.37312 0.337654 0.941256 0.00512786 -35.703
0.93696 -0.349375 -0.00665741 186.24 -0.00497151 0.00572197 -0.999971 -6.37825 0.349403 0.936966 0.00362434 -35.4688
0.932638 -0.360797 -0.00353294 186.859 -0.00202132 0.00456693 -0.999987 -6.38787 0.360809 0.932633 0.00353001 -35.2243
0.928299 -0.37183 -0.00189701 187.47 0.000390553 0.00607676 -0.999981 -6.39457 0.371835 0.928281 0.00578627 -34.9655
0.923641 -0.383257 -0.00114497 188.079 0.00170113 0.00708709 -0.999973 -6.39551 0.383255 0.923615 0.0071979 -34.7027
0.91958 -0.392903 0.000272294 188.7 0.0051403 0.0113378 -0.999922 -6.39509 0.39287 0.91951 0.0124456 -34.4308
0.916442 -0.400167 -0.00126512 189.322 0.00499257 0.0145948 -0.999881 -6.39107 0.400137 0.916326 0.0153732 -34.1507
0.914491 -0.404604 0.00131364 189.96 0.00825539 0.0154127 -0.999847 -6.39509 0.404522 0.914362 0.017435 -33.8624
0.913348 -0.407138 0.00592276 190.611 0.0121978 0.0128188 -0.999843 -6.39754 0.406998 0.913277 0.0166742 -33.5745
0.913241 -0.4074 0.00416681 191.259 0.00834527 0.00847993 -0.999929 -6.39085 0.407335 0.913211 0.0111441 -33.2836
0.913772 -0.406203 0.00441418 191.915 0.008074 0.00729656 -0.999941 -6.38439 0.406146 0.913754 0.00994708 -32.985
0.914116 -0.405439 0.00329126 192.584 0.00527058 0.00376565 -0.999979 -6.37944 0.405418 0.914114 0.00557914 -32.6867
0.914197 -0.405246 0.00446929 193.269 0.00476192 -0.000285993 -0.999989 -6.3776 0.405243 0.914208 0.0016683 -32.391
0.914431 -0.404593 0.0109937 193.953 0.0104739 -0.00349823 -0.999939 -6.38018 0.404607 0.91449 0.0010388 -32.0922
0.91486 -0.403531 0.013918 194.641 0.0133908 -0.00412822 -0.999902 -6.37787 0.403549 0.914956 0.00162689 -31.7906
0.91553 -0.401917 0.0163711 195.328 0.0161088 -0.00403243 -0.999862 -6.37505 0.401928 0.915667 0.00278261 -31.4854
0.916119 -0.40055 0.0168909 196.017 0.0166987 -0.00397065 -0.999853 -6.36385 0.400558 0.916266 0.00305107 -31.1791
0.916967 -0.398607 0.0168505 196.705 0.0172819 -0.00251125 -0.999848 -6.35122 0.398589 0.917118 0.00458595 -30.8716
0.917732 -0.396873 0.0160922 197.39 0.0168164 -0.00165535 -0.999857 -6.34003 0.396843 0.917872 0.00515482 -30.5678
0.918324 -0.395613 0.0131015 198.076 0.0133378 -0.00215332 -0.999909 -6.3269 0.395605 0.918415 0.00329918 -30.266
0.91871 -0.394869 0.0070433 198.76 0.00636411 -0.00302974 -0.999975 -6.30576 0.394881 0.918732 -0.000270457 -29.9683
0.919152 -0.393891 0.00322041 199.444 0.00321075 -0.000683511 -0.999995 -6.28715 0.393891 0.919157 0.000636437 -29.6664
0.919775 -0.392404 0.00578629 200.13 0.0066021 0.000729559 -0.999978 -6.27881 0.392391 0.919793 0.00326172 -29.3616
0.920222 -0.39129 0.00909394 200.814 0.0110843 0.00282828 -0.999935 -6.27086 0.391239 0.920263 0.00693983 -29.0597
0.921223 -0.388928 0.00910078 201.498 0.0126323 0.00652392 -0.999899 -6.26144 0.388829 0.921245 0.0109231 -28.7543
0.923205 -0.384213 0.0085296 202.186 0.0132208 0.00957036 -0.999867 -6.24868 0.38408 0.923195 0.013915 -28.4496
0.925813 -0.377862 0.00955418 202.875 0.0139426 0.00887987 -0.999863 -6.23653 0.377726 0.925819 0.0134895 -28.1547
0.929324 -0.369131 0.00992966 203.569 0.0143029 0.00911275 -0.999856 -6.2272 0.368988 0.929333 0.0137483 -27.8642
0.9332 -0.359235 0.00939594 204.262 0.0128251 0.0071636 -0.999892 -6.22128 0.359129 0.93322 0.0112923 -27.584
0.937208 -0.348717 0.00615457 204.962 0.0092307 0.00716035 -0.999932 -6.21373 0.34865 0.937201 0.00992964 -27.3054
0.941437 -0.337152 0.00508727 205.664 0.00902433 0.0101113 -0.999908 -6.20543 0.337069 0.941396 0.0125617 -27.0318
0.945229 -0.326149 0.0130081 206.374 0.0159463 0.00633666 -0.999853 -6.20739 0.326019 0.945297 0.0111905 -26.7726
0.94799 -0.317504 0.0225021 207.086 0.0241448 0.00123933 -0.999708 -6.20932 0.317383 0.948256 0.00884096 -26.5277
0.950241 -0.310254 0.0280255 207.793 0.0295852 0.000321874 -0.999562 -6.19723 0.310109 0.950654 0.00948477 -26.285
0.951717 -0.305602 0.0290384 208.499 0.0324467 0.00607823 -0.999455 -6.17386 0.305259 0.95214 0.0157005 -26.0406
0.95244 -0.303136 0.0310787 209.207 0.0344087 0.005649 -0.999392 -6.15366 0.302777 0.95293 0.0158109 -25.8084
0.952947 -0.30146 0.0318461 209.923 0.0348075 0.00445573 -0.999384 -6.13104 0.301132 0.953469 0.0147391 -25.5738
0.953318 -0.300443 0.030319 210.635 0.0331543 0.00434197 -0.999441 -6.1015 0.300143 0.95379 0.0141003 -25.3385
0.953525 -0.300035 0.0277322 211.351 0.0314629 0.00760892 -0.999476 -6.06907 0.299667 0.953898 0.0166953 -25.0989
0.953352 -0.300491 0.028718 212.072 0.0327816 0.008489 -0.999426 -6.04791 0.300075 0.953747 0.0179436 -24.8636
0.952758 -0.302269 0.0297674 212.795 0.0341245 0.00914255 -0.999376 -6.03308 0.301808 0.953179 0.0190254 -24.6338
0.952271 -0.303617 0.031588 213.521 0.0356101 0.00771818 -0.999336 -6.01915 0.303171 0.952763 0.0181616 -24.4029
0.951753 -0.305125 0.0326472 214.251 0.0356017 0.00412206 -0.999358 -6.00373 0.304794 0.952303 0.0147862 -24.1727
0.950729 -0.30816 0.0339306 214.985 0.0366169 0.00293707 -0.999325 -5.98236 0.307853 0.95133 0.0140762 -23.9339
0.949264 -0.31245 0.0356943 215.716 0.0388312 0.00382102 -0.999239 -5.96284 0.312075 0.949927 0.0157599 -23.6883
0.947431 -0.31748 0.0397575 216.451 0.0439592 0.00607899 -0.999015 -5.93728 0.316926 0.948245 0.0197156 -23.4334
0.945495 -0.322729 0.0434171 217.184 0.04817 0.00675101 -0.998816 -5.90758 0.322054 0.946467 0.0219289 -23.1768
0.943952 -0.327181 0.0436676 217.92 0.0487374 0.00730851 -0.998785 -5.87672 0.326464 0.944933 0.0228448 -22.9124
0.942548 -0.331663 0.0400293 218.654 0.0472055 0.0136057 -0.998793 -5.84209 0.330718 0.9433 0.0284803 -22.6393
0.941151 -0.336339 0.0333261 219.388 0.0414662 0.0170465 -0.998995 -5.79507 0.335432 0.941587 0.0299901 -22.3618
0.939606 -0.340954 0.0298398 220.125 0.0392976 0.0208653 -0.99901 -5.75718 0.339994 0.939848 0.0330038 -22.0821
0.937933 -0.345508 0.0300915 220.864 0.0406033 0.0232257 -0.998905 -5.73159 0.344431 0.938128 0.0358129 -21.7981
0.936493 -0.349534 0.0283934 221.601 0.0397014 0.0252281 -0.998893 -5.70146 0.348431 0.936584 0.037503 -21.5101
0.935058 -0.353578 0.0254697 222.342 0.0368174 0.0254037 -0.998999 -5.67301 0.352577 0.93506 0.0367718 -21.2188
0.933314 -0.358193 0.0249571 223.084 0.0364429 0.0253499 -0.999014 -5.65033 0.357208 0.933303 0.036713 -20.927
0.931492 -0.362785 0.0266366 223.823 0.0384573 0.0253989 -0.998937 -5.62662 0.361723 0.931527 0.0376106 -20.6337
0.929783 -0.367103 0.0271802 224.557 0.0378348 0.0218572 -0.999045 -5.59765 0.366159 0.929923 0.0342117 -20.3409
0.92807 -0.371416 0.0271239 225.285 0.0366525 0.0186181 -0.999155 -5.56391 0.370597 0.92828 0.0308922 -20.0479
0.926451 -0.375616 0.0245361 226.011 0.0341062 0.0188497 -0.99924 -5.52309 0.374868 0.926584 0.0302742 -19.7458
0.924677 -0.379923 0.0251039 226.737 0.0367755 0.0234929 -0.999047 -5.48682 0.378972 0.924719 0.0356952 -19.4337
0.922736 -0.384586 0.0255436 227.458 0.0387722 0.0266812 -0.998892 -5.44337 0.383478 0.922704 0.039531 -19.1216
0.921111 -0.388597 0.0233841 228.171 0.0356575 0.0244013 -0.999066 -5.40675 0.387663 0.921085 0.0363327 -18.8146
0.919553 -0.392601 0.0169588 228.883 0.0282359 0.0229669 -0.999337 -5.36309 0.391952 0.919422 0.0322047 -18.5032
0.918248 -0.395871 0.0103137 229.595 0.0235286 0.0285409 -0.999316 -5.31831 0.395306 0.917863 0.0355219 -18.1805
0.91693 -0.398913 0.0103932 230.313 0.0267054 0.035356 -0.999018 -5.28458 0.398154 0.916307 0.0430721 -17.8515
0.915578 -0.40162 0.0204641 231.039 0.0378812 0.035473 -0.998652 -5.26606 0.400353 0.915119 0.0476921 -17.526
0.914387 -0.403531 0.0325327 231.768 0.0493805 0.0314125 -0.998286 -5.2435 0.401818 0.914427 0.0486498 -17.2002
0.913329 -0.405177 0.0407746 232.496 0.0588051 0.0321475 -0.997752 -5.21295 0.402955 0.913673 0.0531877 -16.8669
0.912258 -0.407296 0.0435395 233.22 0.0629023 0.0342639 -0.997431 -5.17741 0.404758 0.912654 0.0568773 -16.5335
0.911212 -0.410061 0.0392732 233.935 0.0579943 0.0333117 -0.997761 -5.12808 0.407834 0.91145 0.0541352 -16.2054
0.909579 -0.414205 0.0331647 234.651 0.0509021 0.0318554 -0.998195 -5.07451 0.412401 0.909626 0.0500589 -15.8769
0.907779 -0.418462 0.028781 235.364 0.0461894 0.0315294 -0.998435 -5.02578 0.416899 0.907687 0.0479502 -15.5407
0.905897 -0.422647 0.0268441 236.077 0.0435782 0.0299798 -0.9986 -4.98606 0.421251 0.905798 0.0455768 -15.2017
0.904045 -0.426732 0.0245492 236.786 0.0409629 0.0293257 -0.99873 -4.94061 0.425471 0.903902 0.0439919 -14.8599
0.902164 -0.430611 0.0259649 237.5 0.0418369 0.0274292 -0.998748 -4.90268 0.429359 0.902121 0.042761 -14.513
0.900366 -0.434038 0.0308583 238.218 0.0471775 0.0268736 -0.998525 -4.87222 0.432569 0.900494 0.0446729 -14.1597
0.898709 -0.437021 0.0365442 238.937 0.0526336 0.0247586 -0.998307 -4.84502 0.435376 0.899111 0.0452527 -13.8042
0.897236 -0.439538 0.0421164 239.659 0.0580553 0.0228761 -0.998051 -4.8128 0.437719 0.897932 0.0460428 -13.4447
0.896008 -0.441481 0.0475851 240.381 0.063277 0.020878 -0.997778 -4.77324 0.439507 0.897027 0.0466424 -13.0815
0.89487 -0.443007 0.0543333 241.108 0.0701546 0.0193901 -0.997348 -4.73412 0.440779 0.896308 0.0484306 -12.7151
0.893924 -0.444739 0.0557381 241.828 0.0718153 0.019368 -0.99723 -4.68226 0.442428 0.895451 0.0492526 -12.3479
0.893631 -0.446522 0.0451775 242.533 0.0642769 0.0277101 -0.997547 -4.62151 0.444175 0.894343 0.0534637 -11.9758
0.893779 -0.447378 0.0318278 243.24 0.0505663 0.0300024 -0.99827 -4.55196 0.445649 0.893842 0.0494378 -11.6068
0.89364 -0.44823 0.0222821 243.948 0.0397732 0.029646 -0.998769 -4.48745 0.447018 0.893426 0.0443204 -11.2434
0.893599 -0.448188 0.0246718 244.668 0.0423632 0.0294893 -0.998667 -4.44202 0.446863 0.893453 0.0453383 -10.8727
0.893298 -0.448411 0.0307636 245.39 0.0498177 0.0307559 -0.998285 -4.41065 0.446696 0.893298 0.049813 -10.4969
0.89253 -0.449812 0.032555 246.11 0.0510292 0.0290038 -0.998276 -4.37009 0.448092 0.892652 0.0488403 -10.1273
0.89203 -0.450815 0.0323948 246.83 0.0493555 0.0259134 -0.998445 -4.32862 0.449274 0.892241 0.0453657 -9.75822
0.891278 -0.452189 0.0338811 247.557 0.0488012 0.0213681 -0.99858 -4.29508 0.450823 0.891666 0.0411123 -9.38756
