0.00796751 -0.999968 -0.000846226 -0.0137777 -0.00277105 0.000824171 -0.999996 -0.0554212 0.999964 0.00796982 -0.0027644 -0.291859
0.00809646 -0.999965 -0.0022536 -0.0319435 -0.00194504 0.00223792 -0.999996 -0.0733557 0.999966 0.00810081 -0.00192685 0.50291
0.00869558 -0.999942 -0.00633633 -0.0314212 -0.00170846 0.0063217 -0.999978 -0.0921745 0.999961 0.00870621 -0.00165338 1.2579
0.00877867 -0.999937 -0.0068932 -0.053042 -0.00141842 0.00688102 -0.999976 -0.113199 0.999961 0.00878823 -0.00135793 1.9888
0.0088998 -0.999925 -0.00834358 -0.0534218 -0.00175645 0.00832826 -0.999963 -0.12761 0.999959 0.00891414 -0.0016822 2.73297
0.00892601 -0.999924 -0.00849465 -0.0662834 -0.00177286 0.00847915 -0.999962 -0.151142 0.999959 0.00894073 -0.00169705 3.4677
0.00967306 -0.999918 -0.0084141 -0.0675788 -0.00116158 0.00840325 -0.999964 -0.163593 0.999952 0.00968248 -0.0010802 4.15972
0.0102805 -0.999901 -0.00962873 -0.0862089 0.00175607 0.00964727 -0.999952 -0.188937 0.999946 0.0102631 0.00185507 4.83905
0.012293 -0.999878 -0.0096837 -0.0828934 0.00530878 0.00974956 -0.999939 -0.196352 0.99991 0.0122408 0.00542798 5.46733
0.0137795 -0.999865 -0.00904237 -0.0915281 0.00863841 0.00916193 -0.999921 -0.20782 0.999868 0.0137003 0.00876344 6.10479
0.0151726 -0.999852 -0.00803836 -0.0980521 0.011233 0.00820923 -0.999904 -0.229462 0.999822 0.0150808 0.0113559 6.72814
0.0159986 -0.999838 -0.00830416 -0.077659 0.0113339 0.00848603 -0.9999 -0.239056 0.999808 0.0159029 0.0114678 7.30111
0.0169942 -0.999812 -0.00933523 -0.081961 0.00847397 0.00948027 -0.999919 -0.237616 0.99982 0.0169137 0.00863352 7.84328
0.0181207 -0.999795 -0.00900656 -0.0826986 0.00609846 0.0091184 -0.99994 -0.24846 0.999817 0.0180647 0.00626245 8.38247
0.0192283 -0.999786 -0.00762931 -0.0664397 0.00436924 0.00771467 -0.999961 -0.251588 0.999805 0.0191943 0.00451666 8.88249
0.0211721 -0.999766 -0.00440824 -0.0646293 0.00236613 0.00445932 -0.999987 -0.270448 0.999773 0.0211615 0.00246 9.33416
0.0229909 -0.999733 -0.00250866 -0.0562338 0.00147841 0.00254331 -0.999995 -0.306314 0.999735 0.022987 0.00153648 9.78292
0.0250118 -0.99967 -0.00591721 -0.0583565 -0.000599895 0.00590405 -0.999983 -0.290952 0.999687 0.0250149 -0.00045203 10.1861
0.0280286 -0.999555 -0.0101515 -0.0498694 -0.0015926 0.0101108 -0.999947 -0.29733 0.999605 0.0280434 -0.0013085 10.5738
0.0314019 -0.999448 -0.0109118 -0.0471269 -0.000919494 0.0108883 -0.999941 -0.297809 0.999507 0.03141 -0.000577071 10.9314
0.0346258 -0.999374 -0.00725985 -0.0368945 -0.000287779 0.00725423 -0.999973 -0.3108 0.9994 0.034627 -3.64129e-05 11.2583
0.0373792 -0.999298 -0.00217514 -0.0312888 -0.000198837 0.00216922 -0.999998 -0.32996 0.999301 0.0373795 -0.00011762 11.5418
0.0393984 -0.999222 0.00134766 -0.0222925 0.00116669 -0.0013027 -0.999999 -0.340381 0.999223 0.0393999 0.00111446 11.7969
0.0418167 -0.999123 0.00222935 -0.0154854 0.00228311 -0.00213574 -0.999995 -0.342692 0.999122 0.0418216 0.0021918 12.0389
0.0438337 -0.999038 0.00124393 0.00704116 0.00121494 -0.00119182 -0.999999 -0.339996 0.999038 0.0438351 0.00116152 12.2355
0.0463338 -0.998926 0.000252742 0.00632983 -0.000106765 -0.000257972 -1 -0.351226 0.998926 0.0463337 -0.00011861 12.4243
0.0489502 -0.998799 -0.00186866 0.00208768 -0.000995799 0.0018221 -0.999998 -0.353882 0.998801 0.048952 -0.000905409 12.599
0.0506222 -0.998708 -0.0044825 0.0199052 -0.00158549 0.00440789 -0.999989 -0.354751 0.998716 0.0506288 -0.00136031 12.767
0.0519407 -0.998633 -0.0057716 0.00606124 -0.00292481 0.00562726 -0.999979 -0.360425 0.998646 0.0519565 -0.00262853 12.9153
0.0535684 -0.998551 -0.00525479 0.0219155 -0.00456683 0.0050173 -0.999977 -0.36815 0.998554 0.0535911 -0.00429144 13.0602
0.0556261 -0.998445 -0.00381091 0.022658 -0.00600787 0.00348203 -0.999976 -0.3772 0.998434 0.0556476 -0.00580483 13.2223
0.0563649 -0.998405 -0.00310209 0.0413305 -0.00711729 0.00270514 -0.999971 -0.376617 0.998385 0.0563853 -0.00695346 13.3327
0.0579762 -0.998311 -0.00371904 0.0407141 -0.00851992 0.00323039 -0.999959 -0.378582 0.998281 0.0580055 -0.00831824 13.4713
0.0595703 -0.998214 -0.00456447 0.0505228 -0.0106243 0.00393832 -0.999936 -0.384737 0.998168 0.059615 -0.0103707 13.6151
0.0603647 -0.998165 -0.00473658 0.0521958 -0.0127007 0.00397678 -0.999912 -0.386822 0.998096 0.0604194 -0.0124374 13.7245
0.0608239 -0.99814 -0.00403727 0.0676355 -0.0150456 0.00312747 -0.999882 -0.390286 0.998035 0.0608775 -0.0148274 13.8611
0.0606261 -0.998155 -0.00307172 0.0708358 -0.0168076 0.0020561 -0.999857 -0.39394 0.998019 0.0606691 -0.0166519 13.9935
0.0583637 -0.998292 -0.00263199 0.0755432 -0.0181363 0.00157575 -0.999835 -0.396525 0.99813 0.0584017 -0.0180133 14.1055
0.0556072 -0.99845 -0.00259602 0.0856237 -0.0191539 0.00153283 -0.999816 -0.396771 0.998269 0.0556466 -0.0190389 14.2497
0.0519336 -0.998646 -0.00304979 0.0851659 -0.0202432 0.00200056 -0.999793 -0.400305 0.998446 0.0519846 -0.0201119 14.3787
0.0462864 -0.998922 -0.00341985 0.0837599 -0.0213053 0.00243554 -0.99977 -0.403448 0.998701 0.0463487 -0.0211696 14.502
0.0394258 -0.999217 -0.00314269 0.0906 -0.022153 0.0022703 -0.999752 -0.406932 0.998977 0.0394857 -0.0220462 14.6133
0.0322169 -0.999476 -0.00329443 0.0877622 -0.0228852 0.00255761 -0.999735 -0.411454 0.999219 0.0322837 -0.0227908 14.759
0.023794 -0.999712 -0.00317876 0.0944018 -0.0238682 0.00261068 -0.999712 -0.40755 0.999432 0.023863 -0.0237992 14.8798
0.0145499 -0.999891 -0.00221367 0.0816441 -0.0252496 0.00184578 -0.99968 -0.415229 0.999575 0.0146012 -0.02522 15.0342
0.00133685 -0.999999 -0.000680342 0.0787461 -0.026703 0.000644403 -0.999644 -0.419379 0.999643 0.00135455 -0.0267021 15.1631
-0.0145087 -0.999895 3.49885e-05 0.0584623 -0.0283654 0.000376612 -0.999597 -0.427862 0.999493 -0.0145039 -0.0283679 15.3095
-0.0341226 -0.999418 -0.000270045 0.0616949 -0.0294704 0.00127628 -0.999565 -0.433664 0.998983 -0.0340997 -0.0294968 15.5077
-0.0559198 -0.998435 -0.000993746 0.0431385 -0.0291005 0.00262472 -0.999573 -0.438095 0.998011 -0.055867 -0.0292016 15.7051
-0.0793834 -0.996843 -0.00156269 0.0064914 -0.0277304 0.00377532 -0.999608 -0.443773 0.996458 -0.0793089 -0.0279425 15.889
-0.106009 -0.994361 -0.00258642 -0.013903 -0.0261529 0.00538832 -0.999643 -0.461971 0.994021 -0.105904 -0.0265766 16.1602
-0.136145 -0.990683 -0.00353155 -0.0734671 -0.0240066 0.00686278 -0.999688 -0.467961 0.990398 -0.136018 -0.0247173 16.3702
-0.16867 -0.985665 -0.00387846 -0.134699 -0.020827 0.00749788 -0.999755 -0.478803 0.985452 -0.168547 -0.0217931 16.634
-0.205587 -0.978627 -0.00470955 -0.189925 -0.016929 0.00836793 -0.999821 -0.48106 0.978493 -0.20547 -0.0182875 16.9114
-0.245451 -0.969389 -0.00616218 -0.282843 -0.0110521 0.00915452 -0.999897 -0.508666 0.969346 -0.245358 -0.0129608 17.131
-0.286694 -0.957967 -0.0102452 -0.39025 -0.00700216 0.0127892 -0.999893 -0.493346 0.957997 -0.286592 -0.0103744 17.4718
-0.328895 -0.944263 -0.0139586 -0.512476 -0.00240003 0.0156166 -0.999876 -0.510265 0.944364 -0.328821 -0.00740249 17.7732
-0.371417 -0.928319 -0.0164925 -0.634409 0.00280421 0.0166415 -0.999857 -0.504709 0.928461 -0.371411 -0.00357776 18.0462
-0.415199 -0.90952 -0.0195871 -0.792992 0.0105412 0.0167194 -0.999805 -0.525521 0.90967 -0.415324 0.00264555 18.3593
-0.458656 -0.888295 -0.0238076 -0.980553 0.017248 0.0178875 -0.999691 -0.528315 0.888447 -0.458925 0.0071171 18.6425
-0.503174 -0.863708 -0.0286937 -1.14644 0.0215527 0.0206507 -0.999555 -0.519995 0.863916 -0.503568 0.00822435 18.9412
-0.546654 -0.836739 -0.0322088 -1.38996 0.0247644 0.0222929 -0.999444 -0.526243 0.836992 -0.547148 0.00853484 19.2773
-0.590039 -0.806583 -0.0357724 -1.62715 0.0267494 0.0247532 -0.999336 -0.514026 0.806932 -0.590604 0.0069703 19.5247
-0.632255 -0.773802 -0.0385258 -1.91464 0.0296335 0.0255368 -0.999234 -0.524838 0.774193 -0.632913 0.00678471 19.8589
-0.673708 -0.73778 -0.0424078 -2.18258 0.0331314 0.0271733 -0.999082 -0.500068 0.738254 -0.674495 0.00613677 20.138
-0.714126 -0.698655 -0.0436322 -2.4945 0.0362445 0.0253434 -0.999022 -0.485135 0.699078 -0.715009 0.00722412 20.4211
-0.750141 -0.659854 -0.0433741 -2.84343 0.0375043 0.0230333 -0.999031 -0.470224 0.660214 -0.75104 0.00746923 20.714
-0.785108 -0.6179 -0.0424871 -3.19936 0.0396201 0.0183532 -0.999046 -0.46479 0.61809 -0.786042 0.0100719 20.9837
-0.817669 -0.574087 -0.0429095 -3.55672 0.0428801 0.0135944 -0.998988 -0.468933 0.574089 -0.818682 0.0135012 21.2292
-0.848298 -0.52766 -0.044318 -4.00987 0.0448136 0.0118542 -0.998925 -0.452803 0.527619 -0.849373 0.0135904 21.4939
-0.876655 -0.47913 -0.0437305 -4.42125 0.0440209 0.0106331 -0.998974 -0.41363 0.479104 -0.87768 0.0117702 21.7044
-0.903002 -0.42748 -0.0429946 -4.93738 0.0446465 0.00616433 -0.998984 -0.396516 0.42731 -0.904004 0.0135191 21.9369
-0.926326 -0.374371 -0.0420293 -5.43302 0.0448237 0.00124405 -0.998994 -0.379625 0.374046 -0.927279 0.0156282 22.1188
-0.946201 -0.320922 -0.0413851 -5.91172 0.0441115 -0.00122644 -0.999025 -0.39093 0.320559 -0.947104 0.0153168 22.3213
-0.962495 -0.267343 -0.0461639 -6.49076 0.0484258 -0.00186971 -0.998825 -0.315946 0.266943 -0.9636 0.0147459 22.434
-0.975133 -0.215748 -0.0506682 -7.05187 0.0529355 -0.00473963 -0.998587 -0.272175 0.215204 -0.976437 0.0160426 22.5485
-0.984318 -0.168369 -0.0526274 -7.60628 0.055067 -0.00985007 -0.998434 -0.283557 0.167587 -0.985674 0.0189671 22.6615
-0.990862 -0.123696 -0.0537765 -8.27882 0.0557713 -0.0127181 -0.998362 -0.253946 0.122809 -0.992239 0.0195006 22.7232
-0.995171 -0.0832136 -0.0520632 -8.85578 0.0532627 -0.0122581 -0.998505 -0.217315 0.082451 -0.996456 0.016631 22.7676
-0.997694 -0.0475339 -0.0484469 -9.57221 0.0489558 -0.00959868 -0.998755 -0.197712 0.0470097 -0.998824 0.0119036 22.7736
-0.998652 -0.0187628 -0.0484092 -10.2054 0.0485591 -0.00762033 -0.998791 -0.155565 0.0183713 -0.999795 0.00852116 22.7664
-0.998658 0.00305903 -0.0517054 -10.9528 0.0516864 -0.00597314 -0.998645 -0.116328 -0.00336372 -0.999978 0.00580701 22.7751
-0.998203 0.0165861 -0.0575757 -11.7045 0.0574604 -0.00735018 -0.99832 -0.0722806 -0.0169814 -0.999836 0.00638394 22.7603
-0.997828 0.0242461 -0.0612443 -12.409 0.0610718 -0.0077972 -0.998103 -0.0740234 -0.0246776 -0.999676 0.00629953 22.7167
-0.997908 0.0284701 -0.0580535 -13.1936 0.0578321 -0.00853918 -0.998289 -0.0175724 -0.0289171 -0.999558 0.00687482 22.7047
-0.998209 0.026963 -0.0534099 -13.9725 0.0530001 -0.0156938 -0.998471 0.0581779 -0.02776 -0.999513 0.0142367 22.6798
-0.998339 0.0229081 -0.0528587 -14.814 0.0522492 -0.0264335 -0.998284 0.024086 -0.0242661 -0.999388 0.0251926 22.6671
-0.998459 0.0165694 -0.0529618 -15.6628 0.0524843 -0.0280336 -0.998228 0.0767294 -0.0180248 -0.99947 0.0271208 22.6417
-0.998639 0.0126909 -0.050589 -16.4988 0.0502327 -0.0269711 -0.998374 0.174795 -0.0140347 -0.999555 0.0262969 22.6257
-0.998898 0.00911811 -0.0460342 -17.345 0.0457385 -0.0303437 -0.998493 0.14008 -0.0105012 -0.999498 0.0298932 22.6134
-0.999342 0.00754091 -0.035495 -18.2636 0.0352747 -0.0275764 -0.998997 0.156759 -0.00851219 -0.999591 0.0272922 22.5913
-0.999638 0.00677024 -0.0260503 -19.1659 0.0259004 -0.0213387 -0.999436 0.233465 -0.00732225 -0.999749 0.0211555 22.5677
-0.999693 0.00754254 -0.0235967 -20.0863 0.0234813 -0.0150306 -0.999612 0.229343 -0.00789423 -0.999858 0.0148489 22.5447
-0.999522 0.0112656 -0.0287897 -21.0166 0.0287289 -0.00552652 -0.999572 0.265139 -0.0114199 -0.999921 0.00520023 22.4991
-0.999217 0.0154006 -0.0364551 -21.9938 0.0364444 -0.000981527 -0.999335 0.315003 -0.0154261 -0.999881 0.000419495 22.4579
-0.998699 0.0202926 -0.0467805 -22.9616 0.0468119 0.00106888 -0.998903 0.306198 -0.0202203 -0.999793 -0.00201742 22.4077
-0.99817 0.0224536 -0.0561454 -23.9846 0.0562111 0.0023046 -0.998416 0.374934 -0.0222886 -0.999746 -0.00356253 22.3697
-0.997723 0.0235906 -0.0631796 -24.9859 0.0632105 0.000565778 -0.998 0.41606 -0.0235077 -0.999722 -0.00205567 22.3336
-0.99757 0.0247631 -0.0651258 -26.0468 0.0651275 -0.00074044 -0.997876 0.440735 -0.0247587 -0.999693 -0.000874111 22.3115
-0.997707 0.0266571 -0.0622056 -27.0501 0.0622404 0.000475308 -0.998061 0.512375 -0.0265758 -0.999644 -0.00213336 22.2694
-0.997881 0.0295103 -0.0579909 -28.0841 0.0580953 0.00269119 -0.998307 0.550218 -0.0293043 -0.999561 -0.00439989 22.2242
-0.998047 0.0335365 -0.0527068 -29.1144 0.0528428 0.00318088 -0.998598 0.579731 -0.0333218 -0.999432 -0.00494682 22.1766
-0.99804 0.0393161 -0.0486873 -30.1247 0.0488163 0.00232695 -0.998806 0.613525 -0.0391558 -0.999224 -0.00424166 22.1066
-0.997864 0.0462673 -0.0461305 -31.1724 0.0463745 0.00421301 -0.998915 0.652476 -0.0460228 -0.99892 -0.00634964 22.056
-0.997432 0.0523403 -0.0488861 -32.2163 0.0491148 0.00308971 -0.998789 0.692601 -0.0521258 -0.998625 -0.00565246 21.9763
-0.996833 0.0590395 -0.053279 -33.2964 0.0536573 0.00484079 -0.998548 0.725006 -0.0586959 -0.998244 -0.00799337 21.9143
-0.996273 0.0651827 -0.0564884 -34.3726 0.0570648 0.00701446 -0.998345 0.777796 -0.0646786 -0.997848 -0.0107079 21.8261
-0.995879 0.0691258 -0.0587212 -35.3953 0.0595566 0.0100857 -0.998174 0.820885 -0.0684074 -0.997557 -0.0141611 21.7348
-0.995568 0.0723857 -0.0600344 -36.4969 0.0612336 0.0144614 -0.998019 0.858476 -0.0713741 -0.997272 -0.0188297 21.6299
-0.995425 0.0735356 -0.0609952 -37.5353 0.0624995 0.0183314 -0.997876 0.920634 -0.0722613 -0.997124 -0.0228435 21.5501
-0.995281 0.0756924 -0.0607025 -38.6523 0.0623425 0.0194929 -0.997865 0.965131 -0.0743475 -0.996941 -0.0241198 21.4254
-0.995226 0.0766448 -0.0604169 -39.7411 0.0621332 0.0202075 -0.997864 1.00908 -0.0752601 -0.996854 -0.0248732 21.3458
-0.995212 0.0773093 -0.0597966 -40.7898 0.0616284 0.0215263 -0.997867 1.05114 -0.0758573 -0.996775 -0.0261878 21.2428
-0.995161 0.0787798 -0.0587256 -41.9021 0.060746 0.0234974 -0.997877 1.1108 -0.0772326 -0.996615 -0.0281692 21.149
-0.995197 0.0798839 -0.0565677 -42.9863 0.0589552 0.0278504 -0.997872 1.15332 -0.0781384 -0.996415 -0.0324262 21.038
-0.995473 0.0799647 -0.0513744 -44.0367 0.0542228 0.0338639 -0.997954 1.20394 -0.0780613 -0.996223 -0.0380465 20.9209
-0.995564 0.079296 -0.0506259 -45.1724 0.0536253 0.036163 -0.997906 1.24688 -0.0772991 -0.996195 -0.0402548 20.8197
-0.995561 0.0769756 -0.0541581 -46.2656 0.0570245 0.0355394 -0.99774 1.31118 -0.0748769 -0.996399 -0.0397711 20.7056
-0.99539 0.0765029 -0.0578436 -47.3863 0.060667 0.0351102 -0.99754 1.357 -0.0742838 -0.996451 -0.0395896 20.6138
-0.995572 0.0739476 -0.0580318 -48.4796 0.0606523 0.0336961 -0.99759 1.38879 -0.0718139 -0.996693 -0.038032 20.5176
-0.995817 0.0716449 -0.056696 -49.6085 0.0591934 0.0332271 -0.997694 1.44243 -0.0695958 -0.996877 -0.037329 20.4131
-0.996048 0.0678404 -0.0573342 -50.7185 0.0599266 0.0368136 -0.997524 1.4928 -0.0655617 -0.997017 -0.0407335 20.3181
-0.996414 0.0616046 -0.0580086 -51.8406 0.0606922 0.0426218 -0.997246 1.5487 -0.0589625 -0.99719 -0.0462079 20.2472
-0.996698 0.0566004 -0.058226 -52.9829 0.0608427 0.0456614 -0.997102 1.59416 -0.0537776 -0.997352 -0.0489543 20.1502
-0.997105 0.050344 -0.056977 -54.0957 0.0593865 0.0477364 -0.997093 1.64897 -0.0474778 -0.99759 -0.0505879 20.0752
-0.997367 0.044748 -0.0570649 -55.244 0.059148 0.0466974 -0.997157 1.69256 -0.0419559 -0.997907 -0.0492212 19.9998
-0.997636 0.0389513 -0.0566083 -56.3795 0.0583548 0.0452637 -0.99727 1.74252 -0.0362826 -0.998215 -0.0474298 19.9334
-0.997815 0.03295 -0.0572582 -57.4833 0.0587056 0.0447812 -0.99727 1.78844 -0.030296 -0.998453 -0.0466177 19.8868
-0.997868 0.028369 -0.058775 -58.646 0.0599444 0.0423015 -0.997305 1.83636 -0.0258063 -0.998703 -0.043912 19.8259
-0.997972 0.022896 -0.0593863 -59.7836 0.0603549 0.0442289 -0.997197 1.89315 -0.0202052 -0.998758 -0.0455212 19.7705
-0.998091 0.016708 -0.0594634 -60.9297 0.0601451 0.0437896 -0.997229 1.94231 -0.0140578 -0.998901 -0.0447109 19.7395
-0.998378 0.0125573 -0.0555371 -62.1113 0.0560346 0.0435237 -0.99748 1.98982 -0.0101085 -0.998973 -0.0441568 19.7032
-0.998733 0.00767881 -0.0497321 -63.2359 0.0500196 0.0433962 -0.997805 2.0291 -0.00550378 -0.999029 -0.0437253 19.6855
-0.998812 0.00437647 -0.0485346 -64.4187 0.0486805 0.0439825 -0.997846 2.0803 -0.00223237 -0.999022 -0.0441434 19.6427
-0.998717 0.000499304 -0.0506278 -65.5965 0.0506024 0.0430007 -0.997793 2.11965 0.00167884 -0.999075 -0.0429708 19.6314
-0.99868 -0.00191631 -0.051318 -66.7091 0.0511899 0.0426333 -0.997779 2.15618 0.00409991 -0.999088 -0.0424789 19.6268
-0.998715 -0.00261254 -0.0506176 -67.8996 0.0504521 0.0443729 -0.99774 2.20959 0.00485269 -0.999012 -0.044184 19.5984
-0.998668 -0.00394697 -0.0514376 -69.0847 0.051205 0.0455635 -0.997648 2.25025 0.00628137 -0.998954 -0.0453007 19.6066
-0.998643 -0.00436167 -0.0518879 -70.2505 0.0516328 0.0460387 -0.997604 2.28537 0.00674007 -0.99893 -0.045751 19.5792
-0.998738 -0.00567871 -0.0499013 -71.4351 0.0495834 0.046641 -0.99768 2.33323 0.00799299 -0.998895 -0.0463006 19.5532
-0.998804 -0.00734773 -0.0483538 -72.5921 0.0479733 0.0452766 -0.997822 2.37121 0.00952103 -0.998947 -0.0448699 19.548
-0.998824 -0.00661152 -0.048041 -73.7836 0.0477245 0.0417391 -0.997988 2.40624 0.0086034 -0.999106 -0.0413744 19.5311
-0.998796 -0.00705889 -0.0485324 -74.9721 0.0482159 0.0396451 -0.99805 2.44699 0.00896919 -0.999188 -0.039257 19.5242
-0.998636 -0.00688022 -0.0517668 -76.1128 0.051462 0.0388534 -0.997919 2.47177 0.00887721 -0.999221 -0.0384464 19.5156
-0.998458 -0.00743238 -0.0550011 -77.3297 0.054652 0.0410049 -0.997663 2.52193 0.00967033 -0.999132 -0.0405355 19.5027
-0.998422 -0.00872932 -0.0554663 -78.4975 0.0550388 0.0433215 -0.997544 2.56356 0.0111108 -0.999023 -0.0427727 19.5243
-0.998545 -0.00877656 -0.0532174 -79.6986 0.0527746 0.0446909 -0.997606 2.60797 0.0111339 -0.998962 -0.0441628 19.5071
-0.998673 -0.00855644 -0.0507953 -80.8629 0.0503654 0.0445959 -0.997735 2.65161 0.0108023 -0.998969 -0.0441057 19.485
-0.998716 -0.00861008 -0.0499174 -82.02 0.049509 0.042461 -0.99787 2.68812 0.0107113 -0.999061 -0.0419803 19.4779
-0.99865 -0.00809313 -0.0513084 -83.2373 0.0509371 0.0408419 -0.997867 2.72196 0.0101714 -0.999133 -0.0403744 19.4518
-0.998498 -0.00833925 -0.0541531 -84.4263 0.0537737 0.0404602 -0.997733 2.76457 0.0105114 -0.999146 -0.0399511 19.4398
-0.998348 -0.00955928 -0.0566562 -85.5923 0.0562231 0.0407287 -0.997587 2.80932 0.0118438 -0.999125 -0.0401239 19.4684
-0.998336 -0.00908345 -0.0569552 -86.764 0.0565266 0.0419824 -0.997518 2.85324 0.011452 -0.999077 -0.0413991 19.4363
-0.998435 -0.00981397 -0.0550482 -87.9205 0.0545955 0.0415978 -0.997642 2.8884 0.0120807 -0.999086 -0.0409969 19.454
-0.99851 -0.0102486 -0.0536007 -89.1164 0.0531459 0.0404393 -0.997767 2.93371 0.0123933 -0.99913 -0.0398344 19.4486
-0.998473 -0.0107171 -0.0541948 -90.2513 0.0537474 0.038368 -0.997817 2.98241 0.0127731 -0.999206 -0.0377334 19.4719
-0.998326 -0.0102976 -0.056912 -91.4643 0.0565087 0.03594 -0.997755 3.02957 0.0123199 -0.999301 -0.035298 19.4639
-0.998156 -0.0103324 -0.0598079 -92.5366 0.0594197 0.0345 -0.997636 3.06176 0.0123714 -0.999351 -0.0338225 19.4846
-0.998033 -0.0119452 -0.0615407 -93.7229 0.0610882 0.0351327 -0.997513 3.11008 0.0140776 -0.999311 -0.0343339 19.4699
-0.997942 -0.0117097 -0.0630312 -94.8928 0.0625557 0.0373051 -0.997344 3.16625 0.01403 -0.999235 -0.0364959 19.4407
-0.997987 -0.0119443 -0.0622761 -96.0276 0.0617646 0.0392475 -0.997319 3.22218 0.0143564 -0.999158 -0.0384308 19.4526
-0.99819 -0.0126427 -0.0587843 -97.2347 0.0582083 0.0419218 -0.997424 3.26623 0.0150745 -0.999041 -0.04111 19.4551
-0.998299 -0.0124915 -0.0569431 -98.3772 0.0563429 0.0440431 -0.99744 3.31471 0.0149675 -0.998951 -0.0432644 19.4245
-0.998375 -0.0125544 -0.0555912 -99.5375 0.0549908 0.0439557 -0.997519 3.35464 0.0149668 -0.998954 -0.0431939 19.4242
-0.998382 -0.0127513 -0.0554059 -100.689 0.054833 0.0415767 -0.99763 3.40637 0.0150247 -0.999054 -0.0408103 19.4304
-0.998247 -0.0124205 -0.057862 -101.861 0.0572959 0.0419097 -0.997477 3.4494 0.0148141 -0.999044 -0.0411247 19.4334
-0.998133 -0.013188 -0.0596358 -103 0.0590662 0.0400263 -0.997451 3.4932 0.0155413 -0.999111 -0.0391726 19.4299
-0.998186 -0.012669 -0.0588468 -104.184 0.0582403 0.0438435 -0.997339 3.546 0.0152154 -0.998958 -0.0430262 19.4093
-0.998143 -0.0118969 -0.0597419 -105.346 0.0590962 0.0487449 -0.997062 3.59489 0.0147741 -0.998741 -0.0479513 19.4245
-0.998169 -0.0118567 -0.0593182 -106.496 0.0586307 0.0517265 -0.996939 3.64911 0.0148887 -0.998591 -0.0509367 19.4159
-0.99836 -0.0117097 -0.0560418 -107.701 0.0553536 0.0525611 -0.997082 3.69807 0.0146212 -0.998549 -0.0518267 19.4051
-0.998634 -0.0108283 -0.0511198 -108.886 0.0504731 0.0533476 -0.9973 3.75376 0.0135262 -0.998518 -0.0527282 19.4018
-0.998685 -0.0100952 -0.0502538 -110.05 0.0496908 0.0498855 -0.997518 3.79605 0.0125771 -0.998704 -0.0493184 19.4015
-0.998719 -0.00962679 -0.0496656 -111.257 0.0491911 0.0444763 -0.997799 3.83665 0.0118145 -0.998964 -0.0439458 19.4018
-0.998654 -0.00940579 -0.0510058 -112.443 0.0505459 0.0439533 -0.997754 3.88181 0.0116265 -0.99899 -0.0434186 19.3942
-0.998442 -0.0088218 -0.055112 -113.693 0.0546822 0.0431909 -0.997569 3.92853 0.0111807 -0.999028 -0.0426412 19.3935
-0.998399 -0.00835765 -0.0559563 -114.901 0.0555615 0.0417204 -0.997584 3.96996 0.010672 -0.999094 -0.0411893 19.384
-0.998649 -0.00805106 -0.0513222 -116.133 0.05095 0.0411112 -0.997854 4.02785 0.0101437 -0.999122 -0.0406455 19.3782
-0.998861 -0.00663143 -0.0472482 -117.373 0.0469283 0.0421059 -0.998011 4.07758 0.00860766 -0.999091 -0.0417467 19.3651
-0.998924 -0.00610467 -0.0459733 -118.588 0.0456872 0.0407674 -0.998123 4.11606 0.00796743 -0.99915 -0.0404446 19.3553
-0.998885 -0.0054714 -0.0468707 -119.85 0.0465985 0.04227 -0.998018 4.15612 0.00744178 -0.999091 -0.0419679 19.3495
-0.998668 -0.00517235 -0.0513372 -121.115 0.0510354 0.0473977 -0.997572 4.20456 0.00759305 -0.998863 -0.0470707 19.3293
-0.998463 -0.00514581 -0.0551795 -122.367 0.0548315 0.0528448 -0.997097 4.24992 0.00804682 -0.99859 -0.0524815 19.3081
-0.998468 -0.00468631 -0.0551334 -123.633 0.0547529 0.0601278 -0.996688 4.30184 0.00798585 -0.99818 -0.059779 19.2913
-0.99859 -0.00518308 -0.0528177 -124.904 0.0523802 0.0638519 -0.996584 4.35136 0.0085379 -0.997946 -0.0634905 19.2703
-0.998645 -0.00455948 -0.0518283 -126.131 0.0514187 0.0655641 -0.996523 4.39702 0.00794169 -0.997837 -0.0652408 19.2557
-0.99868 -0.00383676 -0.0512269 -127.408 0.0508635 0.0658901 -0.99653 4.44263 0.00719879 -0.997819 -0.065608 19.2492
-0.998717 -0.00356891 -0.0505189 -128.634 0.0501914 0.0634204 -0.996724 4.47668 0.00676115 -0.997981 -0.0631599 19.2315
-0.998709 -0.00307541 -0.0507095 -129.92 0.0504113 0.0636727 -0.996696 4.52125 0.00629406 -0.997966 -0.0634355 19.2274
-0.998447 -0.00264328 -0.0556347 -131.186 0.0553535 0.0637444 -0.99643 4.56606 0.00618023 -0.997963 -0.0634991 19.2134
-0.998157 -0.00225464 -0.0606447 -132.409 0.0603876 0.0621605 -0.996237 4.60617 0.00601585 -0.998064 -0.0619097 19.2037
-0.998237 -0.0022989 -0.0593144 -133.692 0.0590542 0.0626558 -0.996286 4.66294 0.00600674 -0.998032 -0.0624096 19.1827
-0.998358 -0.00307736 -0.0572015 -134.95 0.0568963 0.0627495 -0.996406 4.72142 0.00665567 -0.998024 -0.0624714 19.1711
-0.99836 -0.00440825 -0.0570753 -136.172 0.0566953 0.061727 -0.996481 4.761 0.00791582 -0.998083 -0.0613759 19.1533
-0.998408 -0.00534156 -0.0561506 -137.456 0.0557102 0.0622797 -0.996502 4.81425 0.00881992 -0.998044 -0.0618831 19.1479
-0.998301 -0.00618522 -0.057932 -138.672 0.0574391 0.061981 -0.996423 4.86341 0.00975379 -0.998058 -0.0615206 19.1407
-0.998048 -0.00729061 -0.0620323 -139.947 0.0614546 0.0627943 -0.996133 4.91353 0.0111577 -0.997999 -0.0622236 19.1213
-0.997946 -0.00850205 -0.0634841 -141.195 0.0628124 0.0640702 -0.995966 4.96134 0.0125352 -0.997909 -0.0634046 19.1183
-0.998122 -0.00968655 -0.0604943 -142.409 0.0597125 0.0670593 -0.99596 5.01972 0.0137041 -0.997702 -0.0663549 19.1063
-0.998321 -0.00957706 -0.0571168 -143.682 0.0563682 0.0656726 -0.996248 5.0848 0.0132921 -0.997795 -0.0650225 19.1005
-0.998403 -0.00997118 -0.0556103 -144.919 0.0548797 0.0626763 -0.996524 5.1271 0.013422 -0.997984 -0.062029 19.0861
-0.998421 -0.0100411 -0.0552706 -146.127 0.0545545 0.0613265 -0.996626 5.16404 0.0133968 -0.998067 -0.0606819 19.0875
-0.998424 -0.00956973 -0.0553007 -147.376 0.0546445 0.0588953 -0.996767 5.21957 0.0127957 -0.998219 -0.0582795 19.084
-0.998452 -0.00994399 -0.0547281 -148.598 0.0540873 0.0561221 -0.996958 5.25029 0.0129852 -0.998375 -0.0554974 19.0759
-0.99849 -0.00917115 -0.0541665 -149.849 0.0535698 0.0560891 -0.996987 5.30473 0.0121817 -0.998384 -0.055513 19.0639
-0.998367 -0.0090823 -0.0563918 -151.086 0.0558271 0.0535869 -0.997002 5.35354 0.0120769 -0.998522 -0.0529923 19.0618
-0.998229 -0.00940537 -0.0587449 -152.283 0.0581964 0.0506559 -0.997019 5.39203 0.0123531 -0.998672 -0.0500188 19.0658
-0.998343 -0.00901866 -0.0568413 -153.547 0.0563376 0.0487039 -0.997223 5.44264 0.011762 -0.998773 -0.0481151 19.0577
-0.998357 -0.00846828 -0.056679 -154.775 0.0561882 0.0499248 -0.997171 5.49871 0.011274 -0.998717 -0.049367 19.044
-0.998095 -0.00878705 -0.0610639 -155.971 0.0605434 0.0506724 -0.996878 5.53948 0.0118539 -0.998676 -0.0500438 19.054
-0.997652 -0.00864219 -0.0679323 -157.242 0.0673544 0.0552762 -0.996196 5.59824 0.0123644 -0.998433 -0.0545644 19.0198
-0.997588 -0.00986608 -0.0687157 -158.43 0.0679995 0.0603723 -0.995857 5.65358 0.0139737 -0.998127 -0.0595558 19.0139
-0.997821 -0.0115819 -0.0649527 -159.693 0.0640808 0.0642145 -0.995877 5.71617 0.0157051 -0.997869 -0.0633324 19.0191
-0.998147 -0.0129646 -0.0594586 -160.914 0.0584703 0.066558 -0.996068 5.76547 0.0168711 -0.997698 -0.0656766 19.0163
-0.998217 -0.0139953 -0.0580268 -162.089 0.056936 0.0686655 -0.996013 5.82747 0.017924 -0.997542 -0.0677463 19.0157
-0.998411 -0.0145955 -0.0544258 -163.344 0.0533852 0.0641139 -0.996513 5.86943 0.0180341 -0.997836 -0.0632328 19.004
-0.998598 -0.0158338 -0.0505125 -164.579 0.0494805 0.05991 -0.996977 5.91239 0.0188122 -0.998078 -0.0590426 19.0205
-0.998784 -0.0155968 -0.0467478 -165.758 0.0458348 0.054496 -0.997461 5.95176 0.0181049 -0.998392 -0.0537149 19.0127
-0.998705 -0.0142318 -0.0488386 -167.033 0.0480547 0.0510119 -0.997541 5.9966 0.0166881 -0.998597 -0.050262 19.0109
-0.998315 -0.0148661 -0.0560876 -168.196 0.0552464 0.0519777 -0.997119 6.03464 0.0177386 -0.998537 -0.0510688 19.0207
-0.998118 -0.016344 -0.0591173 -169.448 0.0581771 0.0530047 -0.996898 6.08376 0.0194268 -0.99846 -0.0519542 19.0138
-0.99824 -0.0181615 -0.0564485 -170.692 0.0553804 0.0547461 -0.996964 6.12434 0.0211967 -0.998335 -0.053644 19.0188
-0.998256 -0.0194426 -0.0557492 -171.844 0.0545728 0.0565377 -0.996908 6.17977 0.0225344 -0.998211 -0.0553781 19.0392
-0.998178 -0.0194885 -0.057111 -173.074 0.0559539 0.0554899 -0.99689 6.22882 0.022597 -0.998269 -0.0542983 19.0354
-0.998246 -0.0209583 -0.0553575 -174.284 0.0541412 0.0547274 -0.997032 6.26761 0.0239257 -0.998281 -0.0534968 19.0389
-0.998289 -0.02252 -0.0539603 -175.438 0.0526429 0.0554786 -0.997071 6.30379 0.0254477 -0.998205 -0.0541981 19.0573
-0.998168 -0.0241389 -0.0554773 -176.621 0.0540405 0.0565771 -0.996934 6.34556 0.0272037 -0.998107 -0.0551689 19.0661
-0.998022 -0.0253426 -0.0575416 -177.716 0.0560317 0.056721 -0.996817 6.37586 0.0285258 -0.998068 -0.0551889 19.0879
-0.997916 -0.0259473 -0.0590771 -178.843 0.0575184 0.0571884 -0.996705 6.40788 0.0292404 -0.998026 -0.0555768 19.0884
-0.997831 -0.0262556 -0.0603648 -179.912 0.0587592 0.0581366 -0.996578 6.44701 0.0296752 -0.997964 -0.0564678 19.1064
-0.997753 -0.0263017 -0.0616179 -180.922 0.0600538 0.0566043 -0.996589 6.47601 0.0296998 -0.99805 -0.0548976 19.1164
-0.997783 -0.0268836 -0.0608849 -181.965 0.0592696 0.0572679 -0.996598 6.50818 0.0302789 -0.997997 -0.0555476 19.1167
-0.99774 -0.0284496 -0.0608652 -182.92 0.0591311 0.0582658 -0.996548 6.53665 0.0318978 -0.997896 -0.0564519 19.154
-0.997718 -0.0286337 -0.061149 -183.901 0.059381 0.058983 -0.996491 6.58449 0.0321399 -0.997849 -0.0571481 19.1399
-0.997786 -0.0284737 -0.0601092 -184.854 0.058384 0.057974 -0.996609 6.6079 0.0318619 -0.997912 -0.0561833 19.1681
-0.998057 -0.0253722 -0.0569137 -185.772 0.0554551 0.0548943 -0.996951 6.63917 0.0284191 -0.998169 -0.0533806 19.1769
-0.998346 -0.0210663 -0.0534757 -186.711 0.0522558 0.0547262 -0.997133 6.66916 0.0239325 -0.998279 -0.0535349 19.1857
-0.99861 -0.0159903 -0.0502268 -187.634 0.0492468 0.0566916 -0.997177 6.70685 0.0187925 -0.998264 -0.0558253 19.1774
-0.998699 -0.0122387 -0.0495018 -188.56 0.0487054 0.0585106 -0.997098 6.73391 0.0150996 -0.998212 -0.0578384 19.1694
-0.998708 -0.00941376 -0.0499368 -189.496 0.0492781 0.0605446 -0.996949 6.77122 0.0124084 -0.998121 -0.0600026 19.1611
-0.99864 -0.00737085 -0.0516253 -190.37 0.0511011 0.059135 -0.996941 6.7999 0.0104012 -0.998223 -0.0586779 19.1537
-0.998551 -0.00577297 -0.0534958 -191.324 0.0530859 0.0564652 -0.996993 6.81788 0.00877626 -0.998388 -0.0560769 19.148
-0.998537 -0.00437649 -0.0538929 -192.224 0.0535733 0.0547611 -0.997062 6.85327 0.00731487 -0.99849 -0.0544466 19.1462
-0.998573 -0.00393326 -0.0532569 -193.117 0.0529644 0.0544415 -0.997111 6.87578 0.00682127 -0.998509 -0.0541555 19.1418
-0.998655 -0.0027476 -0.0517755 -194.042 0.051536 0.0568298 -0.997053 6.91314 0.00568189 -0.99838 -0.0566117 19.1255
-0.998686 -0.00286106 -0.0511688 -194.924 0.0509016 0.0606266 -0.996862 6.95305 0.00595426 -0.998156 -0.0604012 19.1099
-0.998757 -0.00341762 -0.0497364 -195.858 0.0494233 0.0629433 -0.996792 6.97729 0.00653723 -0.998011 -0.0626961 19.0927
-0.998872 -0.00454769 -0.0472683 -196.763 0.0468853 0.0634624 -0.996883 7.0073 0.00753328 -0.997974 -0.0631776 19.0834
-0.999004 -0.00507871 -0.0443425 -197.661 0.0439327 0.0633363 -0.997025 7.0419 0.00787209 -0.997979 -0.06305 19.072
-0.999025 -0.00542713 -0.0437975 -198.598 0.0433697 0.06298 -0.997072 7.07206 0.0081696 -0.998 -0.0626832 19.0553
-0.998907 -0.00590671 -0.0463818 -199.532 0.0459381 0.0608013 -0.997092 7.1019 0.00870961 -0.998132 -0.0604635 19.0624
-0.998804 -0.00625555 -0.0484967 -200.44 0.0480357 0.059967 -0.997044 7.12023 0.00914526 -0.998181 -0.0595948 19.0447
-0.998989 -0.00682563 -0.0444274 -201.413 0.0439848 0.0551461 -0.997509 7.15648 0.00925863 -0.998455 -0.0547902 19.0503
-0.999154 -0.00685829 -0.0405491 -202.32 0.0401209 0.0539858 -0.997736 7.17535 0.00903183 -0.998518 -0.053665 19.0563
-0.999147 -0.00802763 -0.0405096 -203.316 0.0399801 0.0577528 -0.99753 7.21309 0.0103473 -0.998299 -0.0573827 19.0299
-0.998958 -0.00924462 -0.0446878 -204.279 0.0440655 0.0591181 -0.997278 7.25609 0.0118613 -0.998208 -0.0586492 19.0207
-0.998927 -0.0113182 -0.0448944 -205.212 0.0441784 0.0571063 -0.997391 7.26758 0.0138524 -0.998304 -0.0565451 19.0199
-0.998884 -0.0133372 -0.0452987 -206.203 0.0444846 0.0560568 -0.997436 7.30157 0.0158423 -0.998339 -0.0554009 19.0176
-0.998634 -0.0148265 -0.0501101 -207.162 0.0491987 0.0564994 -0.99719 7.34468 0.017616 -0.998293 -0.0556927 19.0174
-0.998389 -0.0164525 -0.0543191 -208.175 0.0533669 0.05364 -0.997133 7.37003 0.0193189 -0.998425 -0.0526755 19.0185
-0.998298 -0.0180407 -0.0554493 -209.18 0.0544268 0.0529342 -0.997113 7.39236 0.0209238 -0.998435 -0.0518623 19.0197
-0.99823 -0.0200796 -0.0559796 -210.162 0.0547815 0.0559369 -0.99693 7.44427 0.0231492 -0.998232 -0.0547379 19.0263
-0.998097 -0.0229109 -0.0572488 -211.19 0.0558251 0.0585818 -0.996721 7.50237 0.0261896 -0.99802 -0.0571914 19.04
-0.997971 -0.0264992 -0.0578838 -212.207 0.0562376 0.0591394 -0.996664 7.53694 0.0298341 -0.997898 -0.0575292 19.0513
-0.998012 -0.0297456 -0.0555626 -213.252 0.053608 0.0629027 -0.996579 7.57698 0.0331389 -0.997576 -0.0611831 19.0453
-0.998118 -0.0319301 -0.0523651 -214.285 0.0502669 0.0633071 -0.996727 7.62228 0.0351407 -0.997483 -0.0615828 19.077
-0.998117 -0.0337597 -0.0512076 -215.295 0.0490263 0.0625487 -0.996837 7.6567 0.0368559 -0.997471 -0.0607758 19.0963
-0.997935 -0.0355667 -0.0534837 -216.368 0.0511923 0.0624835 -0.996733 7.69602 0.0387924 -0.997412 -0.0605338 19.1141
-0.9977 -0.0368773 -0.0568805 -217.404 0.0544347 0.0642385 -0.996449 7.73723 0.0404002 -0.997253 -0.0620833 19.1391
-0.997638 -0.0383793 -0.0569625 -218.485 0.0544209 0.0642957 -0.996446 7.7794 0.0419053 -0.997193 -0.0620551 19.1612
-0.997788 -0.0388973 -0.05391 -219.54 0.051384 0.0632508 -0.996674 7.82541 0.0421778 -0.997239 -0.0611122 19.1943
-0.997903 -0.0397836 -0.0510579 -220.614 0.048583 0.0608701 -0.996963 7.85899 0.0427706 -0.997352 -0.0588097 19.2198
-0.997977 -0.0395173 -0.0498012 -221.719 0.0474615 0.0580874 -0.997183 7.90316 0.0422988 -0.99753 -0.0560944 19.2573
-0.998003 -0.0397034 -0.0491269 -222.805 0.0467309 0.0591771 -0.997153 7.94311 0.0424975 -0.997458 -0.0572036 19.2855
-0.997959 -0.0406467 -0.0492585 -223.883 0.0468398 0.0584531 -0.997191 7.97047 0.0434118 -0.997462 -0.0564299 19.3102
-0.997949 -0.0400973 -0.0498991 -225.02 0.0473991 0.061049 -0.997009 8.01744 0.0430237 -0.997329 -0.0590232 19.3365
-0.997864 -0.0399089 -0.0517139 -226.126 0.0492153 0.0612359 -0.996909 8.06022 0.0429523 -0.997325 -0.059141 19.3707
-0.9978 -0.0390815 -0.0535523 -227.242 0.0510776 0.0617882 -0.996782 8.09564 0.0422646 -0.997324 -0.0596561 19.3985
-0.997708 -0.0386547 -0.0555479 -228.37 0.0530498 0.0629008 -0.996609 8.141 0.0420176 -0.997271 -0.060706 19.4191
-0.997695 -0.0375459 -0.0565332 -229.517 0.0540403 0.0643855 -0.996461 8.18527 0.0410529 -0.997218 -0.062208 19.4406
-0.997777 -0.0368226 -0.0555466 -230.673 0.0529937 0.0670132 -0.996344 8.23699 0.0404103 -0.997072 -0.0649128 19.4636
-0.998038 -0.0360117 -0.0512135 -231.825 0.0487847 0.0653621 -0.996668 8.27932 0.0392391 -0.997212 -0.0634771 19.4832
-0.99841 -0.0344307 -0.0446243 -232.992 0.0424015 0.0627891 -0.997126 8.32231 0.0371336 -0.997432 -0.0612294 19.5011
-0.998668 -0.0324261 -0.0401446 -234.157 0.0381982 0.0585652 -0.997553 8.35414 0.0346978 -0.997757 -0.0572485 19.534
-0.998746 -0.0303676 -0.0398099 -235.315 0.038167 0.0528861 -0.997871 8.38443 0.0324083 -0.998139 -0.0516608 19.5605
-0.998654 -0.0279299 -0.0437144 -236.505 0.0423516 0.0476524 -0.997965 8.41144 0.0299562 -0.998473 -0.0464053 19.5858
-0.998592 -0.0261144 -0.0461696 -237.717 0.0449579 0.045223 -0.997965 8.45278 0.0281492 -0.998636 -0.0439852 19.595
-0.998656 -0.0241683 -0.0458595 -238.891 0.0447617 0.0441573 -0.998021 8.48543 0.0261455 -0.998732 -0.0430162 19.6179
-0.998704 -0.0212223 -0.0462624 -240.112 0.0452875 0.044323 -0.99799 8.52808 0.0232302 -0.998791 -0.0433043 19.6223
-0.998687 -0.018911 -0.0475961 -241.331 0.0467359 0.0435843 -0.997956 8.56866 0.0209468 -0.998871 -0.0426433 19.6319
-0.998707 -0.0175317 -0.0477206 -242.528 0.0469439 0.0423233 -0.998 8.60533 0.0195164 -0.99895 -0.0414456 19.6244
-0.998835 -0.0149042 -0.0458978 -243.791 0.0452424 0.0416803 -0.998106 8.64101 0.016789 -0.99902 -0.0409576 19.6321
-0.998871 -0.0129505 -0.0457184 -245 0.0451362 0.0421534 -0.998092 8.68044 0.014853 -0.999028 -0.0415212 19.6318
-0.998861 -0.0107018 -0.0464963 -246.276 0.0460032 0.0424581 -0.998039 8.73023 0.012655 -0.999041 -0.0419174 19.6288
-0.998862 -0.00834293 -0.0469614 -247.521 0.0465571 0.0434012 -0.997972 8.76187 0.0103642 -0.999023 -0.0429635 19.6246
-0.998817 -0.00638687 -0.0482036 -248.737 0.0478792 0.0437633 -0.997894 8.79997 0.00848298 -0.999022 -0.0434057 19.6148
-0.998763 -0.00403082 -0.04955 -250.032 0.0493192 0.0449673 -0.997771 8.84527 0.00624997 -0.99898 -0.0447129 19.5994
-0.998721 -0.00282972 -0.0504621 -251.297 0.0502738 0.0469779 -0.99763 8.88396 0.00519363 -0.998892 -0.0467755 19.5941
-0.998695 -0.00216509 -0.0510181 -252.544 0.050845 0.0502821 -0.99744 8.92877 0.00472485 -0.998733 -0.0501064 19.5677
-0.998677 -0.00171889 -0.0513864 -253.811 0.0512321 0.0509909 -0.997384 8.96707 0.00433464 -0.998697 -0.0508355 19.5422
-0.998725 -0.00136164 -0.0504653 -255.066 0.0503327 0.0504037 -0.99746 9.00702 0.00390183 -0.998728 -0.0502708 19.5131
-0.998807 -0.00186785 -0.0487791 -256.341 0.048637 0.0471397 -0.997703 9.05171 0.004163 -0.998886 -0.0469927 19.5232
-0.998793 -0.00150297 -0.0490966 -257.579 0.048976 0.0458959 -0.997745 9.09112 0.00375292 -0.998945 -0.0457669 19.5117
-0.998774 -0.00169926 -0.0494713 -258.815 0.0493422 0.0456632 -0.997737 9.12911 0.00395443 -0.998955 -0.0455234 19.4893
-0.998774 -0.00266296 -0.0494373 -260.1 0.0492648 0.0455638 -0.997746 9.17297 0.00490949 -0.998958 -0.0453768 19.4651
-0.998736 -0.00397244 -0.0500992 -261.347 0.0498723 0.0446718 -0.997756 9.21144 0.00620154 -0.998994 -0.0444173 19.4295
-0.998703 -0.00276443 -0.0508365 -262.587 0.0506736 0.0424678 -0.997812 9.2508 0.00491729 -0.999094 -0.0422726 19.4469
-0.998578 -0.00338487 -0.0532027 -263.842 0.0530345 0.0383001 -0.997858 9.29162 0.00541529 -0.999261 -0.0380661 19.423
-0.998385 -0.00363719 -0.0566904 -265.069 0.0565319 0.0344561 -0.997806 9.32625 0.00558254 -0.9994 -0.0341948 19.4117
-0.998265 -0.00291975 -0.0588105 -266.328 0.0586866 0.0321389 -0.997759 9.37575 0.00480331 -0.999479 -0.0319119 19.4016
-0.99832 -0.00381186 -0.0578102 -267.575 0.057654 0.0329038 -0.997794 9.41991 0.00570562 -0.999451 -0.0326287 19.3915
-0.9984 -0.00420164 -0.0563853 -268.792 0.0561995 0.0357897 -0.997777 9.46511 0.00621032 -0.999351 -0.0354963 19.3776
-0.998274 -0.00221652 -0.0586893 -270.033 0.0585481 0.0412623 -0.997431 9.5164 0.00463247 -0.999145 -0.0410613 19.3581
-0.997891 -0.00318738 -0.0648214 -271.253 0.0646044 0.046391 -0.996832 9.58288 0.00618441 -0.998918 -0.0460872 19.3534
-0.997895 -0.00353208 -0.0647529 -272.527 0.0644991 0.0495565 -0.996686 9.64046 0.00672931 -0.998765 -0.0492244 19.3213
-0.998298 -0.00281475 -0.058253 -273.742 0.0580362 0.0506484 -0.997029 9.69301 0.00575681 -0.998712 -0.0503989 19.3073
-0.998627 -0.00270152 -0.0523187 -274.935 0.05213 0.0478343 -0.997494 9.73886 0.00519738 -0.998851 -0.0476277 19.2888
-0.998685 -0.00245601 -0.0512092 -276.166 0.0510586 0.0425821 -0.997788 9.78296 0.00463118 -0.99909 -0.0424007 19.2856
-0.998603 -0.00374014 -0.0526978 -277.426 0.0525178 0.0380491 -0.997895 9.81963 0.00573738 -0.999268 -0.0377995 19.2731
-0.998506 -0.00574034 -0.0543471 -278.628 0.0540935 0.0376662 -0.997825 9.87141 0.0077749 -0.999274 -0.0372994 19.2607
-0.998347 -0.00597 -0.057159 -279.874 0.0568877 0.0385569 -0.997636 9.91078 0.00815977 -0.999239 -0.0381535 19.2508
-0.998247 -0.00754007 -0.0587023 -281.074 0.0583557 0.0400146 -0.997494 9.95833 0.00987012 -0.999171 -0.0395045 19.2395
-0.998198 -0.00786804 -0.0594811 -282.341 0.0591138 0.0407073 -0.99742 10.0107 0.0102691 -0.99914 -0.0401689 19.227
-0.998214 -0.00846788 -0.0591386 -283.559 0.0587514 0.0403496 -0.997457 10.0592 0.0108326 -0.99915 -0.03978 19.2123
-0.998292 -0.00964977 -0.0576166 -284.771 0.057171 0.0413918 -0.997506 10.1099 0.0120106 -0.999097 -0.0407693 19.2179
-0.99838 -0.00900842 -0.0561782 -286.002 0.0557685 0.0406497 -0.997616 10.1584 0.0112706 -0.999132 -0.0400816 19.2058
-0.998372 -0.00971172 -0.0561905 -287.232 0.0557395 0.0417352 -0.997572 10.2079 0.0120333 -0.999081 -0.0411259 19.1937
-0.998378 -0.0103998 -0.0559766 -288.44 0.0554994 0.0415905 -0.997592 10.2506 0.0127028 -0.99908 -0.0409459 19.1854
-0.998363 -0.0101948 -0.0562878 -289.681 0.0558137 0.0419824 -0.997558 10.2984 0.012533 -0.999066 -0.0413447 19.1784
-0.998333 -0.0111385 -0.0566226 -290.894 0.0561115 0.0418226 -0.997548 10.3425 0.0134793 -0.999063 -0.0411278 19.1912
-0.998434 -0.0103419 -0.0549793 -292.131 0.0545089 0.0412933 -0.997659 10.386 0.012588 -0.999093 -0.0406649 19.1747
-0.998564 -0.0111446 -0.0523997 -293.338 0.0518976 0.041372 -0.997795 10.4315 0.013288 -0.999082 -0.0407342 19.179
-0.998723 -0.0103048 -0.0494544 -294.581 0.048977 0.0423269 -0.997903 10.4736 0.0123764 -0.999051 -0.0417683 19.1676
-0.998784 -0.0105007 -0.0481604 -295.817 0.0476542 0.0440596 -0.997892 10.5163 0.0126005 -0.998974 -0.0435056 19.1616
-0.998791 -0.00986385 -0.0481598 -297.032 0.0476429 0.047246 -0.997746 10.5526 0.012117 -0.998835 -0.046719 19.1584
-0.998714 -0.0101876 -0.0496653 -298.246 0.0490943 0.0502139 -0.997531 10.5909 0.0126563 -0.998686 -0.0496492 19.1637
-0.998677 -0.00894419 -0.0506318 -299.512 0.05008 0.0537925 -0.997296 10.6316 0.0116436 -0.998512 -0.0532734 19.1336
