1.000000000 0.000000000 0.000000000 0.000000000 0.000000000 1.000000000 0.000000000 0.000000000 0.000000000 0.000000000 1.000000000 0.000000000 
0.999985257 0.000562735 -0.005400753 -0.024381588 -0.000562581 0.999999841 0.000030112 0.001760711 0.005400770 -0.000027073 0.999985415 0.082896136 
0.999923291 0.001209107 -0.012326794 -0.032043862 -0.001210847 0.999999258 -0.000133679 0.002845895 0.012326623 0.000148595 0.999924013 0.176642172 
0.999807233 0.001627305 -0.019566499 -0.045677723 -0.001634556 0.999998601 -0.000354586 0.000505069 0.019565895 0.000386500 0.999808495 0.280596337 
0.999604466 0.002223006 -0.028035151 -0.063165160 -0.002272319 0.999995927 -0.001727242 0.002231858 0.028031197 0.001790264 0.999605446 0.379204132 
0.999224516 0.002867066 -0.039270178 -0.076835191 -0.003004405 0.999989574 -0.003438735 0.004506003 0.039259909 0.003554052 0.999222712 0.494401993 
0.998597729 0.002453794 -0.052882455 -0.099522946 -0.002689668 0.999986748 -0.004389643 0.001333010 0.052870983 0.004525724 0.998591096 0.625608475 
0.997634233 0.002077805 -0.068714042 -0.130733854 -0.002395647 0.999986809 -0.004543485 0.002346936 0.068703695 0.004697351 0.997626051 0.761303901 
0.996176564 0.000727818 -0.087359737 -0.162429357 -0.001092399 0.999990893 -0.004125598 -0.002731938 0.087355939 0.004205255 0.996168287 0.914482593 
0.994151874 -0.000273473 -0.107990633 -0.193633775 -0.000220557 0.999989566 -0.004562775 -0.002601687 0.107990754 0.004559909 0.994141441 1.083473597 
0.991527662 -0.000457217 -0.129894905 -0.244998622 -0.000171964 0.999988309 -0.004832518 -0.009548908 0.129895596 0.004813913 0.991515991 1.246889361 
0.988113920 0.003220479 -0.153689656 -0.305175666 -0.004260086 0.999970218 -0.006435480 -0.008646091 0.153664353 0.007013719 0.988098211 1.421021764 
0.983800495 0.007294310 -0.179118340 -0.376041532 -0.008807119 0.999931938 -0.007652120 -0.017822770 0.179050331 0.009105676 0.983797777 1.598782718 
0.978404498 0.010249926 -0.206445093 -0.430933312 -0.012264629 0.999888815 -0.008481589 -0.027175170 0.206335204 0.010830398 0.978421426 1.763200778 
0.971834967 0.010502820 -0.235428308 -0.504278205 -0.012875903 0.999880592 -0.008544795 -0.031129622 0.235310451 0.011335483 0.971854155 1.935692980 
0.963880531 0.012984817 -0.266018264 -0.595171339 -0.015689092 0.999844568 -0.008043100 -0.033933087 0.265872478 0.011926173 0.963934433 2.141512259 
0.954339497 0.014269503 -0.298383154 -0.675041641 -0.017168316 0.999827432 -0.007096117 -0.035464897 0.298230404 0.011894841 0.954419792 2.320414689 
0.943207358 0.017039050 -0.331767314 -0.770189115 -0.020156877 0.999779074 -0.005958481 -0.043547088 0.331592491 0.012307476 0.943342433 2.493541984 
0.930574716 0.019908461 -0.365560324 -0.864425724 -0.023318779 0.999715994 -0.004915905 -0.055610550 0.365358634 0.013099037 0.930774668 2.661664627 
0.916738589 0.022143147 -0.398873464 -0.990837194 -0.025999723 0.999652870 -0.004260721 -0.053522107 0.398640658 0.014276567 0.916996077 2.858496051 
0.901033440 0.021494009 -0.433216744 -1.133070754 -0.025798246 0.999658930 -0.004058947 -0.043079303 0.432981744 0.014833479 0.901280632 3.061461497 
0.882650444 0.017444251 -0.469706177 -1.264031375 -0.022178424 0.999743686 -0.004547557 -0.041046990 0.469506456 0.014431246 0.882811094 3.253875676 
0.861482675 0.013179271 -0.507615906 -1.403082456 -0.018094495 0.999824998 -0.004749910 -0.043978777 0.507464472 0.013277019 0.861570386 3.436799861 
0.836093114 0.014413957 -0.548398160 -1.548334787 -0.018295425 0.999831322 -0.001614071 -0.050799759 0.548282392 0.011382691 0.836215793 3.601870684 
0.807767999 0.019695866 -0.589171395 -1.746738078 -0.022683419 0.999740003 0.002321574 -0.051954223 0.589063937 0.011489128 0.808004751 3.780174007 
0.775688275 0.023862046 -0.630664969 -1.965481960 -0.027112207 0.999622379 0.004475299 -0.045998207 0.630533606 0.013627282 0.776042311 3.969980906 
0.739934469 0.024906011 -0.672217727 -2.171767629 -0.027713861 0.999594569 0.006529838 -0.056884295 0.672107822 0.013798097 0.740324718 4.132425893 
0.700095596 0.020031613 -0.713768093 -2.384917397 -0.022638637 0.999726586 0.005851937 -0.042092455 0.713690163 0.012061822 0.700357669 4.291395625 
0.656748400 0.016287655 -0.753933851 -2.617943187 -0.015894483 0.999843604 0.007754568 -0.049176002 0.753942242 0.006890588 0.656904571 4.462354249 
0.612796095 0.015820360 -0.790082693 -2.887734072 -0.013737534 0.999861770 0.009365938 -0.041430186 0.790121653 0.005114377 0.612928721 4.607190469 
0.564463242 0.016398652 -0.825295300 -3.176710234 -0.011337320 0.999862359 0.012113112 -0.034448759 0.825380345 0.002519230 0.564571466 4.759932556 
0.513339395 0.016974183 -0.858017799 -3.470202330 -0.009572989 0.999855428 0.014052782 -0.028957975 0.858132288 0.000999948 0.513427674 4.885780618 
0.460390190 0.018356610 -0.887526849 -3.792279786 -0.009007406 0.999831308 0.016006943 -0.019105261 0.887670964 0.000624875 0.460477871 4.998808998 
0.406190670 0.020320936 -0.913562367 -4.119939976 -0.006619417 0.999791905 0.019295849 -0.017776264 0.913764369 -0.001790543 0.406240657 5.093102175 
0.350403152 0.022404364 -0.936330965 -4.474464275 -0.006187608 0.999747411 0.021606193 -0.010223848 0.936578531 -0.001777230 0.350453274 5.185410707 
0.295085761 0.025270229 -0.955136540 -4.849110635 -0.004762082 0.999676674 0.024977409 0.001874936 0.955458904 -0.002822039 0.295110691 5.256888380 
0.241375038 0.027306666 -0.970047647 -5.224288591 -0.000695451 0.999608640 0.027965755 0.005450774 0.970431660 -0.006075615 0.241299564 5.318373363 
0.190005646 0.027797767 -0.981389392 -5.612214956 0.002271004 0.999583973 0.028752814 0.007916170 0.981780371 -0.007691936 0.189863469 5.363074231 
0.142555083 0.028618222 -0.989373057 -6.009651045 0.000276214 0.999580728 0.028953284 0.019395350 0.989786832 -0.004400717 0.142487409 5.376187921 
0.099757724 0.028581260 -0.994601180 -6.473758968 -0.001897138 0.999591012 0.028534369 0.037465140 0.995009948 -0.000959627 0.099771147 5.388879595 
0.062319129 0.027101977 -0.997688232 -6.909058116 -0.002779584 0.999632078 0.026981159 0.052109342 0.998052403 0.001091716 0.062371533 5.378873181 
0.027985515 0.024474904 -0.999308656 -7.365522226 -0.001380609 0.999700203 0.024445830 0.061095230 0.999607375 0.000695526 0.028010915 5.360948205 
-0.003826825 0.021634675 -0.999758619 -7.845492360 -0.001202521 0.999765117 0.021639419 0.070552402 0.999991955 0.001285041 -0.003799910 5.338373885 
-0.030160918 0.019761123 -0.999349697 -8.338755045 -0.001595572 0.999802326 0.019818228 0.079539483 0.999543783 0.002192270 -0.030123426 5.297193721 
-0.051115822 0.017437122 -0.998540495 -8.852245333 -0.002450766 0.999842363 0.017585312 0.087237444 0.998689725 0.003346077 -0.051065030 5.250239567 
-0.066824588 0.016482044 -0.997628597 -9.382795259 -0.002415768 0.999857949 0.016680692 0.101797871 0.997761815 0.003524719 -0.066775278 5.190629591 
-0.079915443 0.016633960 -0.996662848 -9.911297976 -0.001439587 0.999857788 0.016802713 0.112132332 0.996800607 0.002777579 -0.079880132 5.139406692 
-0.089687091 0.017842279 -0.995810162 -10.458311685 -0.002685676 0.999831555 0.018156215 0.118831596 0.995966371 0.004302801 -0.089624065 5.083951429 
-0.096397438 0.019420399 -0.995153446 -11.027881953 -0.003678052 0.999795861 0.019867278 0.120425566 0.995336127 0.005575381 -0.096306330 5.020962934 
-0.101251387 0.020450567 -0.994650658 -11.612658895 -0.002316900 0.999781140 0.020791903 0.133525285 0.994858175 0.004409715 -0.101181845 4.960066272 
-0.102126521 0.020970653 -0.994550353 -12.219254931 -0.000591583 0.999776317 0.021141592 0.150782700 0.994771242 0.002747476 -0.102091271 4.889260494 
-0.100882210 0.023125823 -0.994629567 -12.834847905 0.001349770 0.999732074 0.023107557 0.159755095 0.994897461 0.000988620 -0.100886396 4.821807290 
-0.099193440 0.025610194 -0.994738548 -13.466845342 0.000366941 0.999669619 0.025700557 0.167760939 0.995068102 0.002184316 -0.099170066 4.758453707 
-0.097008929 0.025604578 -0.994954106 -14.114185802 -0.002338820 0.999660409 0.025953729 0.175155073 0.995280763 0.004844762 -0.096916101 4.684523214 
-0.095461135 0.023321653 -0.995159923 -14.775529941 -0.003677438 0.999710427 0.023781054 0.184206602 0.995426365 0.005929806 -0.095347728 4.619401550 
-0.094265817 0.022884951 -0.995283997 -15.449022072 -0.004443265 0.999716128 0.023407693 0.202132679 0.995537148 0.006628856 -0.094137374 4.555337317 
-0.092602651 0.025702114 -0.995371363 -16.146650859 -0.003766793 0.999650592 0.026163048 0.220908251 0.995696018 0.006172125 -0.092473480 4.489743839 
-0.090422033 0.029108344 -0.995478056 -16.873399957 -0.004991929 0.999546964 0.029680751 0.234832050 0.995891026 0.007653149 -0.090235762 4.414217348 
-0.088651929 0.031161129 -0.995575120 -17.606057373 -0.005562722 0.999479451 0.031778671 0.257249173 0.996047133 0.008355348 -0.088432441 4.342357746 
-0.086739721 0.030282157 -0.995770662 -18.351641318 -0.007432568 0.999490424 0.031042715 0.273163114 0.996203281 0.010093769 -0.086470447 4.271741962 
-0.085441100 0.027796746 -0.995955400 -19.107566420 -0.008159542 0.999557711 0.028597277 0.283953535 0.996309811 0.010569923 -0.085176501 4.208746409 
-0.083504722 0.027063397 -0.996139816 -19.888740154 -0.010000797 0.999558045 0.027994615 0.294143783 0.996457197 0.012299875 -0.083197161 4.137209375 
-0.082476328 0.029221823 -0.996164515 -20.664737735 -0.006759548 0.999530630 0.029880215 0.316101380 0.996570100 0.009198033 -0.082240090 4.076184814 
-0.080961352 0.031135221 -0.996230825 -21.455826089 -0.005286536 0.999484509 0.031666533 0.335515842 0.996703222 0.007830376 -0.080755020 4.004111499 
-0.079350744 0.033136244 -0.996295864 -22.260221305 -0.004222716 0.999427222 0.033576713 0.349321530 0.996837814 0.006871412 -0.079165369 3.931275524 
-0.079036617 0.028186751 -0.996473141 -23.057992078 -0.004586625 0.999579314 0.028638408 0.365027964 0.996861162 0.006833932 -0.078874085 3.866370926 
-0.078735047 0.021185614 -0.996670438 -23.866264230 -0.003334189 0.999762971 0.021514745 0.378505806 0.996890002 0.005017052 -0.078645748 3.799472942 
-0.079254520 0.016898354 -0.996711175 -24.670732209 0.000311741 0.999856681 0.016926894 0.386944751 0.996854364 0.001030817 -0.079248429 3.736739015 
-0.079054868 0.017107944 -0.996723455 -25.487738769 0.000789976 0.999853489 0.017099012 0.403987959 0.996869953 0.000564373 -0.079056800 3.663462536 
-0.079175224 0.024796989 -0.996552253 -26.330957837 -0.000055630 0.999690456 0.024879496 0.408260149 0.996860713 0.002025278 -0.079149337 3.584176463 
-0.079386121 0.032124163 -0.996326193 -27.189248337 -0.000584057 0.999478941 0.032272353 0.420637090 0.996843770 0.003143888 -0.079325994 3.514172338 
-0.079603576 0.037837145 -0.996108238 -28.021767296 -0.001825100 0.999272144 0.038103178 0.430690315 0.996824929 0.004851146 -0.079476579 3.442607159 
-0.080379341 0.038110196 -0.996035529 -28.862336648 -0.003757947 0.999250129 0.038536457 0.449730523 0.996757262 0.006840583 -0.080175850 3.376074857 
-0.080821071 0.034732825 -0.996123278 -29.694272582 -0.004169935 0.999372136 0.035184437 0.464951769 0.996719904 0.006997413 -0.080625493 3.302800031 
-0.081591457 0.031954930 -0.996153460 -30.533257886 -0.003445421 0.999470872 0.032343550 0.484564730 0.996659903 0.006071125 -0.081438186 3.234893492 
-0.081717684 0.033077023 -0.996106486 -31.373006557 -0.005184435 0.999421496 0.033612418 0.498158074 0.996642033 0.007910978 -0.081498924 3.161155489 
-0.082172813 0.035249409 -0.995994532 -32.225986457 -0.006209497 0.999336814 0.035880000 0.514299373 0.996598751 0.009132985 -0.081899436 3.089887193 
-0.080958510 0.033988448 -0.996137794 -33.077189890 -0.007119217 0.999373200 0.034677437 0.527481554 0.996692047 0.009899155 -0.080665794 2.990450488 
-0.080962249 0.028779364 -0.996301592 -33.921773158 -0.007040606 0.999541603 0.029445094 0.549330746 0.996692302 0.009398508 -0.080722512 2.919387322 
-0.080184443 0.024746239 -0.996472819 -34.714781173 -0.009836158 0.999623465 0.025615980 0.548128203 0.996731511 0.011855468 -0.079910843 2.844650094 
-0.079627429 0.025647294 -0.996494701 -35.551130041 -0.008856803 0.999611292 0.026435232 0.560941837 0.996785348 0.010930727 -0.079369324 2.774588370 
-0.079447793 0.027905922 -0.996448347 -36.389984924 -0.007573507 0.999562332 0.028596973 0.575073363 0.996810258 0.009818575 -0.079201676 2.713620225 
-0.078901633 0.032515830 -0.996351972 -37.241389581 -0.007464478 0.999420618 0.033207091 0.591135531 0.996854460 0.010057341 -0.078613205 2.635578412 
-0.077853651 0.038432328 -0.996223753 -38.084972104 -0.006859441 0.999212397 0.039083681 0.602850030 0.996941200 0.009876345 -0.077528709 2.558075710 
-0.077394670 0.041933586 -0.996118286 -38.923748822 -0.007317537 0.999064295 0.042626149 0.612738296 0.996973680 0.010588169 -0.077015400 2.484115155 
-0.076445422 0.041526118 -0.996208652 -39.753737389 -0.007623214 0.999078801 0.042230736 0.638905812 0.997044625 0.010822658 -0.076058439 2.405519830 
-0.076950930 0.037828414 -0.996317000 -40.567833175 -0.006983361 0.999235024 0.038478569 0.651423230 0.997010425 0.009918603 -0.076627895 2.349116668 
-0.076282537 0.033110966 -0.996536321 -41.398351868 -0.008624914 0.999389167 0.033865972 0.667484474 0.997048938 0.011178422 -0.075950362 2.275665843 
-0.076874669 0.030168225 -0.996584248 -42.222395875 -0.011910891 0.999443015 0.031173549 0.683244986 0.996969616 0.014266662 -0.076472521 2.219152881 
-0.077713386 0.028545869 -0.996566989 -43.061663008 -0.015595266 0.999432898 0.029844097 0.697367920 0.996853759 0.017861013 -0.077224134 2.145458955 
-0.077675846 0.026886608 -0.996616061 -43.880464139 -0.013467907 0.999516784 0.028014547 0.707023771 0.996887696 0.015598386 -0.077276205 2.065342123 
-0.078472773 0.022806257 -0.996655356 -44.694958147 -0.009671621 0.999673827 0.023636834 0.724436594 0.996869341 0.011494121 -0.078226603 1.993951552 
-0.079602863 0.021303428 -0.996598991 -45.512925848 -0.005834072 0.999744529 0.021836661 0.731431937 0.996809585 0.007552491 -0.079458241 1.936405204 
-0.081490485 0.025027372 -0.996359840 -46.330543806 -0.004363552 0.999666132 0.025467309 0.733790699 0.996664568 0.006423012 -0.081354070 1.866526739 
-0.083720334 0.030852161 -0.996011571 -47.149131078 -0.002720381 0.999509797 0.031189185 0.746972257 0.996485577 0.005320700 -0.083595364 1.803158524 
-0.084883926 0.035020445 -0.995775219 -47.975098748 -0.000965215 0.999378784 0.035229458 0.753297725 0.996390379 0.003951552 -0.084797392 1.723709837 
-0.086074695 0.034703692 -0.995684087 -48.781624601 -0.000715477 0.999390737 0.034894736 0.757813015 0.996288430 0.003715942 -0.085997423 1.648368107 
-0.087043019 0.030121876 -0.995749057 -49.582225976 -0.004548071 0.999520336 0.030633527 0.782789367 0.996194172 0.007195172 -0.086864272 1.567041056 
-0.088680900 0.027033339 -0.995693174 -50.374044688 -0.008829893 0.999571020 0.027925053 0.787905559 0.996020949 0.011268283 -0.088404156 1.492232648 
-0.090081692 0.025440304 -0.995609401 -51.171561160 -0.013229049 0.999554935 0.026738073 0.796081219 0.995846515 0.015579577 -0.089705049 1.408290222 
-0.090703861 0.026827330 -0.995516501 -51.973290406 -0.015597442 0.999476215 0.028355157 0.800274610 0.995755758 0.018099433 -0.090237914 1.320478234 
-0.091478170 0.028259280 -0.995406026 -52.769953742 -0.015140241 0.999442246 0.029765260 0.811684363 0.995691979 0.017793558 -0.090999295 1.242240603 
-0.092262379 0.027404905 -0.995357536 -53.540846313 -0.017348167 0.999425224 0.029124948 0.830557312 0.995583595 0.019954766 -0.091733924 1.158709243 
-0.092798216 0.026476329 -0.995332856 -54.324081746 -0.019580620 0.999404553 0.028410205 0.848737754 0.995492386 0.022125651 -0.092224537 1.081084587 
-0.093924218 0.028438907 -0.995173085 -55.105460085 -0.017590410 0.999388491 0.030219549 0.858115368 0.995423939 0.020343850 -0.093366531 1.011378158 
-0.093912049 0.031309616 -0.995088054 -55.887196050 -0.017338976 0.999302340 0.033078592 0.868126866 0.995429499 0.020360287 -0.093303654 0.926906570 
-0.093505885 0.035811324 -0.994974471 -56.652644300 -0.017488530 0.999139646 0.037604778 0.874966971 0.995465118 0.020916909 -0.092799150 0.843497264 
-0.094449671 0.038283988 -0.994793243 -57.419684800 -0.016863921 0.999055391 0.040049142 0.887750323 0.995386793 0.020558743 -0.093714835 0.766623526 
-0.094486584 0.038242540 -0.994791332 -58.157274715 -0.016596824 0.999062508 0.039983124 0.903976466 0.995387779 0.020288246 -0.093763299 0.684543307 
-0.095111418 0.035977780 -0.994816273 -58.902730897 -0.015235022 0.999177027 0.037592063 0.925873750 0.995350045 0.018731483 -0.094485022 0.615770952 
-0.095422131 0.032327873 -0.994911818 -59.637251773 -0.014896850 0.999314213 0.033899680 0.942927887 0.995325425 0.018055832 -0.094875108 0.542177610 
-0.095280299 0.029597301 -0.995010384 -60.358821620 -0.015129676 0.999399375 0.031176644 0.954089656 0.995335500 0.018024704 -0.094775273 0.468923058 
-0.094245894 0.027060255 -0.995181116 -61.062633051 -0.015640857 0.999466899 0.028658015 0.965282801 0.995426077 0.018266386 -0.093772406 0.398538054 
-0.091238072 0.026345982 -0.995480539 -61.773997096 -0.017530708 0.999452566 0.028057834 0.971677461 0.995674791 0.020011421 -0.090726262 0.302248264 
-0.087157501 0.026539088 -0.995840975 -62.469436695 -0.018076337 0.999438365 0.028217026 0.987590902 0.996030530 0.020460483 -0.086628821 0.234368168 
-0.081676510 0.028576648 -0.996249127 -63.133547304 -0.017139138 0.999400777 0.030072186 0.992203190 0.996511514 0.019531042 -0.081137788 0.183857497 
-0.074313261 0.030264182 -0.996775611 -63.783009338 -0.016358866 0.999367898 0.031562502 0.996200288 0.997100761 0.018651631 -0.073771200 0.140323118 
-0.065250837 0.031665396 -0.997366347 -64.429360912 -0.017563779 0.999305099 0.032876027 1.005085746 0.997714309 0.019662710 -0.064649330 0.093362242 
-0.053209173 0.033365952 -0.998025800 -65.059785405 -0.020256444 0.999199905 0.034485166 1.013317959 0.998377915 0.022051381 -0.052490725 0.049098064 
-0.038717574 0.034896449 -0.998640670 -65.664619892 -0.023491904 0.999082012 0.035822659 1.023304258 0.998974014 0.024846937 -0.037862247 0.029281383 
-0.020075125 0.036249837 -0.999141100 -66.270392135 -0.024942020 0.999013314 0.036746346 1.032980603 0.999487311 0.025658285 -0.019151173 0.015109840 
0.002150105 0.037333254 -0.999300558 -66.860530921 -0.025031433 0.998991759 0.037267860 1.040194715 0.999684352 0.024933795 0.003082442 0.019537504 
0.027096287 0.037965102 -0.998911629 -67.390883956 -0.024241198 0.999009627 0.037311264 1.048325331 0.999338859 0.023203818 0.027989771 0.062708632 
0.056573439 0.036791248 -0.997720327 -67.921349452 -0.022921415 0.999105265 0.035542612 1.066271746 0.998135289 0.020858394 0.057366128 0.112228382 
0.090532608 0.036970717 -0.995207020 -68.433966500 -0.021999023 0.999141098 0.035115642 1.071005656 0.995650486 0.018714472 0.091268169 0.179004854 
0.128251288 0.037471376 -0.991033553 -68.916734832 -0.021440670 0.999157159 0.035003860 1.075246478 0.991509912 0.016759133 0.128946604 0.262802463 
0.169021623 0.037338801 -0.984904820 -69.373474250 -0.021021486 0.999191407 0.034272879 1.078494069 0.985388141 0.014911305 0.169669870 0.369185858 
0.214015902 0.037982567 -0.976091450 -69.832193062 -0.020203541 0.999202117 0.034452082 1.087330682 0.976621222 0.012347210 0.214612525 0.489875038 
0.262959658 0.037026077 -0.964096099 -70.250824979 -0.016665077 0.999288576 0.033832201 1.082966319 0.964662891 0.007170232 0.263389625 0.624965448 
0.313109192 0.032129792 -0.949173488 -70.659311587 -0.008861677 0.999482902 0.030909528 1.085775893 0.949675789 -0.001266788 0.313232008 0.804554689 
0.364674550 0.026640433 -0.930753867 -71.055345753 -0.004599149 0.999629971 0.026809862 1.099323897 0.931123687 -0.005496199 0.364662133 0.998433924 
0.417239108 0.022048627 -0.908529243 -71.443090339 0.001011773 0.999693761 0.024725705 1.101278922 0.908796184 -0.011235756 0.417089024 1.213738775 
0.468657399 0.021124600 -0.883127394 -71.811357211 0.000552259 0.999706833 0.024206278 1.116682135 0.883379838 -0.011832167 0.468508337 1.441256061 
0.517181124 0.019851891 -0.855645714 -72.195098973 0.001914668 0.999701626 0.024351431 1.125733090 0.855873834 -0.014232378 0.516988801 1.702750748 
0.562134656 0.015644088 -0.826897751 -72.536091738 0.009243090 0.999639805 0.025195756 1.134988494 0.826994071 -0.021806498 0.561787578 1.987734891 
0.604907114 0.009424343 -0.796240269 -72.845605626 0.019429825 0.999457565 0.026590554 1.136913637 0.796058959 -0.031555624 0.604395878 2.305666697 
0.647662313 0.004357346 -0.761915049 -73.161320474 0.021255607 0.999491125 0.023784257 1.139545030 0.761630966 -0.031599134 0.647240116 2.614580520 
0.688179334 -0.000499188 -0.725540457 -73.442308656 0.018746859 0.999678128 0.017093704 1.145905986 0.725298394 -0.025365139 0.687967187 2.931027713 
0.728353088 -0.006434248 -0.685171789 -73.713539671 0.014471881 0.999877309 0.005994380 1.148134900 0.685049155 -0.014281750 0.728356841 3.260475614 
0.767687879 -0.010390665 -0.640739693 -74.002292180 0.010548775 0.999937963 -0.003576888 1.165660272 0.640737109 -0.004013085 0.767749863 3.631005385 
0.804564267 -0.010608303 -0.593770835 -74.256234750 0.008690595 0.999943696 -0.006089158 1.161449677 0.593801999 -0.000261103 0.804611159 4.023024819 
0.838176909 -0.012042653 -0.545265481 -74.488867573 0.009277060 0.999926361 -0.007823618 1.160741621 0.545319545 0.001499116 0.838226906 4.445536560 
0.868476070 -0.010823662 -0.495612918 -74.710254216 0.006540035 0.999924770 -0.010377018 1.160579059 0.495687950 0.005770866 0.868481521 4.890999771 
0.894370975 -0.009561515 -0.447223810 -74.918084240 0.006016900 0.999938226 -0.009345621 1.156788541 0.447285542 0.005667551 0.894373257 5.364673732 
0.915425486 -0.001973622 -0.402482651 -75.126119051 -0.001164391 0.999970807 -0.007551823 1.138003008 0.402485806 0.007381779 0.915396464 5.881137449 
0.932854503 0.003410027 -0.360237210 -75.321815874 -0.007193460 0.999932150 -0.009162449 1.133249392 0.360181524 0.011138584 0.932815738 6.398604381 
0.945801818 0.008490762 -0.324633375 -75.476635360 -0.011816397 0.999895950 -0.008274228 1.128106082 0.324529342 0.011661776 0.945803737 6.938931916 
0.955804798 0.009984057 -0.293832446 -75.647514646 -0.012185373 0.999909725 -0.005662010 1.107631548 0.293749391 0.008992234 0.955840172 7.513773985 
0.962865415 0.008766238 -0.269839480 -75.781576889 -0.010360450 0.999936274 -0.004484295 1.106931117 0.269782974 0.007113431 0.962894878 8.087504654 
0.968492934 0.007753245 -0.248920318 -75.925557810 -0.008551636 0.999961174 -0.002126202 1.103047293 0.248894168 0.004187888 0.968521634 8.699817655 
0.973003408 0.010537963 -0.230550035 -76.061763650 -0.010793604 0.999941736 0.000152399 1.100246521 0.230538208 0.002340181 0.973060460 9.321724001 
0.976440446 0.016186055 -0.215179150 -76.200729761 -0.016238561 0.999866985 0.001523911 1.093363337 0.215175194 0.002006191 0.976573403 9.953751118 
0.979228095 0.019967789 -0.201776175 -76.341881363 -0.019810446 0.999799835 0.002799374 1.090779835 0.201791683 0.001256051 0.979427659 10.592205389 
0.981943569 0.020322218 -0.188079329 -76.471285513 -0.020141604 0.999793013 0.002871624 1.077615167 0.188098757 0.000968447 0.982149642 11.249326051 
0.984439720 0.019963443 -0.174584930 -76.585476496 -0.019889882 0.999799819 0.002171187 1.077631810 0.174593326 0.001335071 0.984639725 11.914258815 
0.986944053 0.019330927 -0.159899189 -76.697377232 -0.019129347 0.999813097 0.002800003 1.079153317 0.159923430 0.000295321 0.987129378 12.608896277 
0.989081989 0.021066852 -0.145852691 -76.800071795 -0.020798328 0.999778026 0.003365888 1.072457725 0.145891225 -0.000295648 0.989300593 13.330935129 
0.990832997 0.021163036 -0.133424503 -76.893926134 -0.021251812 0.999773867 0.000758887 1.063961093 0.133410392 0.002083583 0.991058689 14.056512240 
0.992225793 0.021203531 -0.122631096 -76.980137891 -0.021942681 0.999748277 -0.004679900 1.054613587 0.122500997 0.007334373 0.992441289 14.780668645 
0.993389005 0.019388324 -0.113147592 -77.057682555 -0.020737836 0.999727022 -0.010762116 1.049193438 0.112908046 0.013037403 0.993519904 15.525519618 
0.994300034 0.019719660 -0.104778709 -77.137221500 -0.021016066 0.999715468 -0.011283077 1.041852896 0.104526398 0.013420800 0.994431553 16.280765385 
0.994935528 0.021847367 -0.098112123 -77.207835064 -0.022435365 0.999736318 -0.004893739 1.023737753 0.097979337 0.007070136 0.995163335 17.047897536 
0.995316662 0.025983500 -0.093110692 -77.286060012 -0.025801406 0.999662097 0.003159149 1.012730658 0.093161315 -0.000741967 0.995650751 17.821516378 
0.995697948 0.027233558 -0.088565967 -77.362606827 -0.026701702 0.999617627 0.007184638 1.003229473 0.088727765 -0.004788867 0.996044402 18.580819917 
0.996060406 0.026026429 -0.084772006 -77.436948492 -0.025550559 0.999651120 0.006693821 0.990240939 0.084916647 -0.004501478 0.996377890 19.340210236 
0.996287773 0.024349327 -0.082569868 -77.489926398 -0.024007048 0.999698597 0.005135767 0.991034853 0.082670034 -0.003134443 0.996572045 20.124855576 
0.996524912 0.024580464 -0.079585805 -77.558126038 -0.024059778 0.999682426 0.007494930 0.975993118 0.079744760 -0.005554067 0.996799842 20.906951597 
0.996783915 0.023503953 -0.076611948 -77.621756035 -0.022809553 0.999690547 0.009926438 0.968582551 0.076821550 -0.008147030 0.997011572 21.673670101 
0.997050299 0.019816303 -0.074148608 -77.667648253 -0.019001425 0.999751240 0.011679210 0.965641850 0.074361601 -0.010235830 0.997178810 22.426286164 
0.997273559 0.018589958 -0.071413323 -77.719592908 -0.018058075 0.999804239 0.008086416 0.965068082 0.071549670 -0.006774782 0.997414030 23.177331355 
0.997306593 0.021349092 -0.070169621 -77.775701213 -0.021317887 0.999772036 0.001193616 0.951039127 0.070179108 0.000305467 0.997534360 23.929209142 
0.997401331 0.022133245 -0.068561680 -77.837221554 -0.022674334 0.999717523 -0.007123778 0.946098781 0.068384641 0.008659856 0.997621445 24.694220624 
0.997453280 0.023520047 -0.067333217 -77.881151304 -0.024316252 0.999643469 -0.011029679 0.925872732 0.067049792 0.012638881 0.997669577 25.429516981 
0.997542331 0.024614384 -0.065600538 -77.936225390 -0.025303074 0.999632881 -0.009688026 0.910107254 0.065337990 0.011324111 0.997798933 26.188288274 
0.997629035 0.028591047 -0.062600804 -78.003739008 -0.029005738 0.999562848 -0.005725457 0.891040855 0.062409741 0.007527664 0.998022223 26.959810871 
0.997663836 0.032139077 -0.060282262 -78.060493480 -0.032235252 0.999480115 -0.000623342 0.873728650 0.060230888 0.002565100 0.998181176 27.710120397 
0.997925019 0.029190534 -0.057389632 -78.108069453 -0.029164458 0.999573792 0.001292051 0.861128876 0.057402888 0.000384368 0.998351021 28.466004337 
0.998082138 0.028112070 -0.055152136 -78.164873730 -0.028067266 0.999604777 0.001586929 0.850155798 0.055174950 -0.000035916 0.998476702 29.231005448 
0.998160120 0.026662426 -0.054456316 -78.204225949 -0.026616220 0.999644487 0.001573688 0.837125583 0.054478914 -0.000121372 0.998514914 29.989085132 
0.998190567 0.027461980 -0.053492359 -78.247278503 -0.027495578 0.999621919 0.000107882 0.824427617 0.053475097 0.001363117 0.998568253 30.739919731 
0.998289156 0.024984420 -0.052863414 -78.284914190 -0.025080342 0.999684775 -0.001151806 0.811192408 0.052817973 0.002475668 0.998601088 31.487483634 
0.998330974 0.024260650 -0.052408851 -78.325320670 -0.024370029 0.999701957 -0.001448891 0.805273486 0.052358080 0.002723678 0.998624661 32.249113893 
0.998356653 0.025740507 -0.051199801 -78.379131818 -0.025798311 0.999667058 -0.000468333 0.797016563 0.051170699 0.001788432 0.998688320 33.020386328 
0.998328199 0.026693514 -0.051266598 -78.426500482 -0.026810211 0.999639277 -0.001589816 0.795662908 0.051205667 0.002961626 0.998683738 33.799256165 
0.998272256 0.024777125 -0.053278476 -78.465518890 -0.024904911 0.999688318 -0.001735777 0.790784825 0.053218863 0.003059674 0.998578185 34.567520314 
0.998236270 0.021967280 -0.055152398 -78.512098910 -0.022059689 0.999756086 -0.001067212 0.780166811 0.055115502 0.002281975 0.998477378 35.347421859 
0.998027614 0.023937701 -0.058033339 -78.565228924 -0.024017344 0.999711314 -0.000675157 0.762766411 0.058000424 0.002067632 0.998314417 36.137173199 
0.997761613 0.027516568 -0.060947541 -78.621839697 -0.027620587 0.999618105 -0.000864719 0.749976107 0.060900471 0.002546190 0.998140596 36.926504925 
0.997633398 0.025726522 -0.063763230 -78.684572009 -0.026092427 0.999647465 -0.004912303 0.742163356 0.063614375 0.006564415 0.997952965 37.727908542 
0.997438421 0.026916958 -0.066272717 -78.741544333 -0.027569284 0.999579845 -0.008948092 0.734090707 0.066004017 0.010752262 0.997761424 38.531966433 
0.997309590 0.025938033 -0.068562380 -78.804530400 -0.026752884 0.999581628 -0.010993294 0.728247839 0.068248551 0.012797959 0.997586261 39.342685042 
0.997201295 0.025288832 -0.070356601 -78.871072578 -0.025977460 0.999623000 -0.008889836 0.707786376 0.070105263 0.010692642 0.997482290 40.165702718 
0.997047549 0.024734173 -0.072693924 -78.938239343 -0.025398294 0.999643570 -0.008225584 0.690079367 0.072464561 0.010047600 0.997320376 40.983582030 
0.996971401 0.024843720 -0.073694065 -79.013541849 -0.025370821 0.999658728 -0.006224942 0.676371140 0.073514265 0.008075768 0.997261468 41.809074858 
0.996909757 0.023992558 -0.074801691 -79.087832746 -0.024275803 0.999701152 -0.002879582 0.666512162 0.074710248 0.004686554 0.997194271 42.643193929 
0.996854572 0.023218763 -0.075775000 -79.156960028 -0.023145306 0.999730404 0.001847570 0.652584483 0.075797470 -0.000087923 0.997123230 43.494156242 
0.996881056 0.023379479 -0.075376130 -79.224614636 -0.023110210 0.999723052 0.004442704 0.640037358 0.075459123 -0.002686890 0.997145276 44.350675697 
0.996952413 0.026589204 -0.073340986 -79.294991087 -0.026364659 0.999644276 0.004028246 0.635213910 0.073422005 -0.002082359 0.997298788 45.204986910 
0.997135851 0.025707318 -0.071128252 -79.367832177 -0.025570709 0.999669008 0.002830638 0.628794429 0.071177477 -0.001003731 0.997463162 46.071725532 
0.997295526 0.023871486 -0.069511053 -79.428470139 -0.023905960 0.999714155 0.000336001 0.621915693 0.069499205 0.001326636 0.997581125 46.940059931 
0.997474053 0.020433352 -0.068029351 -79.477970578 -0.020550042 0.999788310 -0.001015844 0.608317474 0.067994193 0.002411284 0.997682803 47.821783589 
0.997653853 0.019676884 -0.065571403 -79.550062191 -0.019834709 0.999801729 -0.001756737 0.601010815 0.065523835 0.003053205 0.997846333 48.704405182 
0.997730309 0.017553548 -0.065008492 -79.604422471 -0.017548731 0.999845801 0.000645153 0.584931079 0.065009792 0.000497128 0.997884502 49.565530298 
0.997851520 0.015156559 -0.063738703 -79.673436257 -0.014986945 0.999882764 0.003138368 0.573595416 0.063778797 -0.002176377 0.997961687 50.425177706 
0.997933599 0.014006470 -0.062708463 -79.735339240 -0.013803692 0.999898005 0.003665751 0.562508626 0.062753411 -0.002792568 0.998025155 51.299734178 
0.997973867 0.014588598 -0.061930074 -79.788852559 -0.014566007 0.999893577 0.000816265 0.547476163 0.061935391 0.000087463 0.998080157 52.172689038 
0.997985270 0.017252916 -0.061055198 -79.859562844 -0.017593720 0.999832472 -0.005048671 0.534778985 0.060957865 0.006112688 0.998121623 53.031670360 
0.998001488 0.019969521 -0.059952043 -79.924196948 -0.020671094 0.999724656 -0.011104881 0.519424296 0.059713777 0.012321963 0.998139486 53.900150622 
0.997960351 0.024176293 -0.059081680 -79.985796704 -0.025180485 0.999549836 -0.016311592 0.483624526 0.058660730 0.017766027 0.998119876 54.744221532 
0.997985569 0.025472784 -0.058102850 -80.042386704 -0.026516429 0.999499323 -0.017262193 0.454786508 0.057634043 0.018768100 0.998161347 55.604695686 
0.998091658 0.022330576 -0.057570713 -80.097537530 -0.023010590 0.999672751 -0.011175988 0.432024945 0.057302306 0.012479397 0.998278874 56.452177809 
0.998053859 0.021549155 -0.058516052 -80.146525182 -0.021695979 0.999762857 -0.001874885 0.411618329 0.058461773 0.003140799 0.998284707 57.319909544 
0.997998586 0.020754831 -0.059733230 -80.204676528 -0.020426737 0.999772755 0.006098118 0.390166842 0.059846221 -0.004865759 0.998195749 58.162105201 
0.997932482 0.017441878 -0.061859053 -80.255773681 -0.017240826 0.999844211 0.003782480 0.394692907 0.061915390 -0.002708158 0.998077728 58.989307785 
0.997857953 0.012990512 -0.064115141 -80.302943420 -0.013021803 0.999915210 -0.000070171 0.385490014 0.064108793 0.000904916 0.997942505 59.828567477 
0.997710030 0.011660648 -0.066623762 -80.357966943 -0.011777462 0.999929717 -0.001360817 0.363727629 0.066603211 0.002142359 0.997777241 60.659082658 
0.997469643 0.013515086 -0.069797239 -80.418358467 -0.013810145 0.999897616 -0.003746541 0.350545127 0.069739458 0.004700971 0.997554163 61.491870787 
0.997202131 0.014488767 -0.073334749 -80.485700604 -0.015037767 0.999862844 -0.006939608 0.331885162 0.073224144 0.008022983 0.997283238 62.322375024 
0.996909204 0.015119436 -0.077093719 -80.560013626 -0.015963232 0.999819108 -0.010340544 0.315477740 0.076923430 0.011539248 0.996970226 63.139661170 
0.996629433 0.017548248 -0.080136330 -80.637686104 -0.018744942 0.999723379 -0.014205378 0.293218596 0.079864883 0.015659649 0.996682686 63.949762502 
0.996263401 0.022563093 -0.083367512 -80.718884040 -0.023829196 0.999614861 -0.014223198 0.266082123 0.083014485 0.016156632 0.996417362 64.764486773 
0.995923611 0.025302284 -0.086579188 -80.804924810 -0.026471173 0.999572924 -0.012379278 0.243860680 0.086228988 0.014620668 0.996168057 65.561181679 
0.995531724 0.028778991 -0.089935285 -80.896081097 -0.029489782 0.999543395 -0.006584324 0.225217921 0.089704730 0.009207075 0.995925846 66.367912443 
0.995159835 0.029269806 -0.093809287 -80.983661449 -0.029471114 0.999565343 -0.000760958 0.206506302 0.093746239 0.003521939 0.995589895 67.169403457 
0.994683695 0.028289374 -0.099015446 -81.065084910 -0.028154762 0.999599775 0.002756834 0.193058603 0.099053806 0.000045579 0.995082078 67.966998398 
0.993991137 0.027892473 -0.105847197 -81.147248968 -0.027685058 0.999610815 0.003428672 0.193139920 0.105901637 -0.000477684 0.994376496 68.783172916 
0.993413203 0.026356471 -0.111514771 -81.245948509 -0.025730678 0.999644069 0.007047456 0.182015517 0.111660826 -0.004131685 0.993737787 69.572924193 
0.992624088 0.026469963 -0.118307905 -81.344420496 -0.025822285 0.999642011 0.007004313 0.172119043 0.118450956 -0.003897670 0.992952254 70.348484924 
0.991758350 0.031334247 -0.124231804 -81.455251438 -0.030836532 0.999506864 0.005927682 0.163239811 0.124356280 -0.002047950 0.992235517 71.126936189 
0.990917631 0.033429494 -0.130248674 -81.573373311 -0.033439336 0.999438517 0.002112088 0.157322043 0.130246148 0.002262524 0.991479108 71.901762522 
0.990180070 0.032000236 -0.136086050 -81.690328259 -0.032417524 0.999474052 -0.000850791 0.149310602 0.135987251 0.005254009 0.990696655 72.678820480 
0.989445265 0.031781909 -0.141378845 -81.810329808 -0.032295266 0.999477477 -0.001337511 0.128115979 0.141262462 0.005889261 0.989954662 73.439055956 
0.988681132 0.034342821 -0.146048587 -81.931031667 -0.034161436 0.999409290 0.003750575 0.113985916 0.146091120 0.001281106 0.989270309 74.215115548 
0.987818481 0.034942938 -0.151636536 -82.071505621 -0.034104092 0.999385218 0.008129989 0.112862355 0.151827399 -0.002859527 0.988402886 75.001642916 
0.986885042 0.034095547 -0.157782787 -82.193612029 -0.032877208 0.999406055 0.010326040 0.100162286 0.158041144 -0.005003157 0.987419853 75.755741589 
0.985823033 0.031701847 -0.164766319 -82.326402121 -0.030986564 0.999495913 0.006910382 0.089880641 0.164902335 -0.001706871 0.986308424 76.506052616 
0.984436534 0.029887932 -0.173180316 -82.465880457 -0.030469943 0.999535437 -0.000702606 0.092266552 0.173078864 0.005968466 0.984889884 77.242931733 
0.982874667 0.027237373 -0.182251239 -82.610792790 -0.028163399 0.999600221 -0.002494401 0.082569486 0.182110437 0.007584498 0.983248831 77.971207910 
0.980858357 0.026455916 -0.192916997 -82.768413570 -0.026820158 0.999640013 0.000723713 0.065818530 0.192866696 0.004464204 0.981214813 78.708984685 
0.978758956 0.027063977 -0.203220196 -82.943211236 -0.026250291 0.999632957 0.006698826 0.064317713 0.203326902 -0.001221947 0.979110146 79.456712251 
0.976202000 0.028336515 -0.215003947 -83.126668159 -0.025760184 0.999558946 0.014775885 0.055872956 0.215327815 -0.008885707 0.976501396 80.195516197 
0.973610841 0.028347552 -0.226447225 -83.304796690 -0.024887510 0.999526015 0.018120627 0.055989323 0.226853568 -0.012006732 0.973854864 80.915991659 
0.970779133 0.031895579 -0.237845638 -83.491166333 -0.029374993 0.999468512 0.014135205 0.045834546 0.238170077 -0.006735448 0.971200107 81.612435341 
0.967907230 0.031849975 -0.249281313 -83.697771738 -0.031632698 0.999487655 0.004878585 0.046503167 0.249308978 0.003163422 0.968418828 82.323980982 
0.964674662 0.028726486 -0.261873222 -83.898390728 -0.029800523 0.999555857 -0.000130148 0.046589671 0.261753175 0.007929509 0.965102274 83.024068723 
0.961286467 0.026974286 -0.274227489 -84.110186828 -0.026409658 0.999634659 0.005751370 0.000997100 0.274282442 0.001713540 0.961647652 83.740221860 
0.958089477 0.027942194 -0.285103119 -84.338815616 -0.025170602 0.999593604 0.013381650 -0.003649575 0.285361167 -0.005644601 0.958403434 84.458343084 
0.954446388 0.027619089 -0.297101460 -84.572776824 -0.023074078 0.999557078 0.018794540 -0.001416966 0.297488955 -0.011083038 0.954660928 85.172426384 
0.950629040 0.025587637 -0.309272860 -84.816967909 -0.021287540 0.999624205 0.017271051 -0.005248812 0.309598562 -0.009834705 0.950816496 85.876041201 
0.947139640 0.023256392 -0.319977565 -85.075684006 -0.020256124 0.999714133 0.012702033 -0.001676991 0.320181497 -0.005549093 0.947339969 86.578161004 
0.944054646 0.019048813 -0.329238468 -85.329006675 -0.018248685 0.999818238 0.005520603 0.000604672 0.329283785 0.000796418 0.944230668 87.269145145 
0.941255129 0.016083540 -0.337313062 -85.600236620 -0.017172873 0.999852505 -0.000245728 -0.011819272 0.337259358 0.006023927 0.941392499 87.991952395 
0.938849236 0.015451663 -0.343981625 -85.886786542 -0.017343007 0.999846665 -0.002422149 -0.014097151 0.343891455 0.008239708 0.938973255 88.708137350 
0.935840186 0.019826513 -0.351866531 -86.161291308 -0.021939679 0.999757258 -0.002018758 -0.029745986 0.351741094 0.009609074 0.936048006 89.404477835 
0.932891711 0.020095307 -0.359595932 -86.444370899 -0.021470955 0.999769458 0.000168516 -0.039609791 0.359516416 0.007563662 0.933108106 90.117446930 
0.929724467 0.021183511 -0.367646127 -86.726494533 -0.020145175 0.999774869 0.006662059 -0.046297673 0.367704484 0.001212416 0.929941903 90.826515067 
0.927247164 0.022839197 -0.373752682 -87.023986273 -0.018559454 0.999714542 0.015045982 -0.051248468 0.373989629 -0.007014698 0.927406357 91.522310044 
0.924703196 0.032718748 -0.379280217 -87.334807594 -0.026576543 0.999417261 0.021420225 -0.047166471 0.379760038 -0.009727393 0.925033887 92.223144370 
0.922070136 0.038377000 -0.385115398 -87.642232107 -0.033741950 0.999253949 0.018788976 -0.041549444 0.385549147 -0.004330209 0.922677140 92.917687476 
0.919699062 0.035239525 -0.391039400 -87.948488642 -0.033777835 0.999372963 0.010617820 -0.033085450 0.391168370 0.003443265 0.920312691 93.607943763 
0.917984924 0.028223666 -0.395609788 -88.254679608 -0.029161076 0.999568079 0.003645128 -0.042073207 0.395541795 0.008190234 0.918411459 94.297774177 
0.916392098 0.028702442 -0.399251415 -88.581361462 -0.029968240 0.999546129 0.003072642 -0.046513621 0.399158399 0.009149117 0.916836336 95.001402014 
0.914500870 0.034956211 -0.403070989 -88.915282264 -0.034756263 0.999365274 0.007813489 -0.045919951 0.403088279 0.006863799 0.915135360 95.693989070 
0.911915808 0.037260353 -0.408682304 -89.235234928 -0.035253174 0.999300914 0.012445799 -0.051441049 0.408860334 0.003057828 0.912591846 96.403923732 
0.909728639 0.033735798 -0.413830519 -89.560431897 -0.032152920 0.999424698 0.010791756 -0.060997090 0.413956511 0.003488290 0.910289975 97.106700567 
